docs/tutorials/sandy/files/Data/Step1_makebathy/crm.asc
ncols        681
nrows        343
xllcorner    -74.239583333333
yllcorner    39.874583333333
cellsize     0.000833333333
NODATA_value -9999.0
[rows 47 to 93 of 343, columns 96 to 191 of 681]
26 26 26 27 27 27 27 27 27 27 27 27 28 28 28 28 28 29 29 29 29 29 29 29 29 29 29 30 30 30 30 30 30 30 30 29 29 29 29 29 29 29 29 30 30 30 30 30 30 30 30 30 30 30 30 30 30 30 30 29 26 23 19 14 11 8 5 2 0 0 0 0 0 0 0 0 0 0 5 8 11 13 15 17 19 21 23 24 25 26 27 27 28 29 30 30
26 26 26 26 26 27 27 27 27 27 27 27 27 28 28 28 28 28 29 29 29 29 29 29 29 29 29 30 30 30 30 30 30 30 29 29 29 29 29 29 29 29 29 29 29 29 30 30 30 30 30 30 30 30 30 30 30 30 30 30 29 26 21 16 12 9 6 3 0 0 0 0 0 0 0 0 0 0 0 7 10 12 14 16 18 20 22 23 24 25 26 26 27 28 28 29
25 25 26 26 26 26 26 26 27 27 27 27 27 27 27 28 28 28 28 28 29 29 29 29 29 29 29 30 30 30 30 30 30 30 29 29 29 28 28 28 29 29 29 29 29 29 29 29 30 30 30 30 30 30 30 30 30 30 30 30 30 28 23 17 14 10 7 3 0 0 0 0 0 0 0 0 0 0 0 0 9 11 13 15 17 19 21 22 23 23 24 25 26 26 27 28
25 25 25 25 26 26 26 26 26 26 27 27 27 27 27 27 28 28 28 28 28 29 29 29 29 29 30 30 30 30 30 30 30 29 29 28 28 28 28 28 28 28 28 29 29 29 29 29 29 29 30 30 30 30 30 30 30 30 30 30 30 30 26 20 16 12 9 5 1 0 0 0 0 0 0 0 0 0 0 0 0 10 12 14 16 18 20 21 22 23 23 24 25 25 26 27
24 25 25 25 25 25 25 26 26 26 26 26 27 27 27 27 27 27 28 28 28 28 29 29 29 29 30 30 30 30 30 30 29 29 28 28 28 28 28 28 28 28 28 28 28 29 29 29 29 29 29 29 30 30 30 30 30 30 30 30 30 30 29 23 19 15 11 7 3 0 0 0 0 0 0 0 0 0 0 0 0 9 11 13 16 17 19 20 20 21 22 23 24 24 25 26
24 24 24 24 25 25 25 25 25 26 26 26 26 26 27 27 27 27 27 28 28 28 28 29 29 29 30 30 30 30 30 30 29 28 28 28 27 27 27 28 28 28 28 28 28 28 28 29 29 29 29 29 29 30 30 30 30 30 30 30 30 30 30 27 22 17 12 8 4 0 0 0 0 0 0 0 0 0 0 0 0 0 10 13 15 16 18 19 20 20 21 22 22 23 23 24
23 23 23 24 24 24 24 24 25 25 25 25 26 26 26 26 27 27 27 27 27 28 28 28 29 29 29 30 30 30 30 29 29 28 28 27 27 27 27 27 28 28 28 28 28 28 28 28 28 29 29 29 29 29 29 30 30 30 30 30 30 30 30 30 24 18 13 9 4 2 0 0 0 0 0 0 0 0 0 0 0 0 10 12 13 16 17 18 19 19 20 21 21 22 22 23
23 23 23 23 23 23 23 24 24 24 24 25 25 25 25 26 26 26 26 27 27 27 27 28 28 28 28 29 30 30 29 29 28 27 27 27 27 27 27 27 27 27 27 27 28 28 28 28 28 28 28 29 29 29 29 29 30 30 30 30 30 30 30 28 24 19 14 9 4 1 0 0 0 0 0 0 0 0 0 0 0 0 0 11 13 14 16 16 17 18 19 19 20 20 21 22
22 22 22 22 22 23 23 23 23 23 24 24 24 25 25 25 25 26 26 26 27 27 27 27 27 28 28 28 29 29 29 28 27 27 27 27 27 27 27 27 27 27 27 27 27 28 28 28 28 28 28 28 28 29 29 29 29 29 29 29 30 30 30 30 24 19 14 9 3 0 0 0 0 0 0 0 0 0 0 0 0 0 0 10 12 13 14 15 16 17 18 18 19 19 19 20
21 21 21 22 22 22 22 22 23 23 23 23 23 24 24 24 24 25 25 26 26 26 26 27 27 27 27 28 28 29 28 27 27 27 27 27 27 27 27 27 27 27 27 27 27 27 27 28 28 28 28 28 28 28 28 29 29 29 29 29 29 29 30 30 25 19 14 8 2 0 0 0 0 0 0 0 0 0 0 0 0 0 0 9 11 12 14 14 15 16 16 17 17 17 18 19
20 20 20 21 21 21 21 21 22 22 22 23 23 23 23 24 24 24 24 25 25 26 26 26 26 27 27 27 27 28 27 27 27 27 27 27 27 27 27 27 27 27 27 27 27 27 27 27 27 27 27 28 28 28 28 28 28 28 28 29 29 29 29 29 27 22 16 11 7 3 0 0 0 0 0 0 0 0 0 0 0 0 0 9 10 11 12 13 14 15 15 16 16 16 16 17
19 19 20 20 20 20 20 20 21 21 21 22 22 22 23 23 23 23 24 24 25 25 25 25 26 26 26 27 27 27 27 27 26 26 26 26 26 26 26 26 27 27 27 27 27 27 27 27 27 27 27 27 27 28 28 28 28 28 28 28 28 29 29 29 29 25 20 15 9 2 0 0 0 0 0 0 0 0 0 0 0 0 0 8 9 10 11 12 12 13 14 14 14 15 15 16
18 18 19 19 19 19 20 20 20 20 21 21 22 22 22 23 23 23 23 24 24 24 25 25 25 25 26 26 27 27 27 26 26 26 26 26 26 26 26 26 26 26 26 26 27 27 27 27 27 27 27 27 27 27 27 27 27 28 28 28 28 28 28 28 28 29 23 18 12 6 1 0 0 0 0 0 0 0 0 0 0 0 0 6 8 9 10 11 11 12 12 13 13 13 14 15
17 17 18 18 18 18 19 19 19 20 20 20 21 21 21 22 22 22 23 23 23 24 24 24 24 25 25 26 26 26 26 26 26 26 26 26 26 26 26 26 26 26 26 26 26 26 27 27 27 27 27 27 27 27 27 27 27 27 27 28 28 28 28 28 28 28 25 20 16 9 4 2 0 0 0 0 0 0 0 0 0 0 0 5 6 8 9 9 10 11 11 12 12 12 12 13
16 16 17 17 17 18 18 18 19 19 20 20 20 21 21 21 22 22 22 23 23 23 23 24 24 24 25 25 26 26 26 26 26 25 25 25 25 26 26 26 26 26 26 26 26 26 26 26 26 26 26 27 27 27 27 27 27 27 27 27 27 27 28 28 28 28 27 23 19 12 6 3 0 0 0 0 0 0 0 0 0 0 0 4 5 7 8 8 9 9 10 10 10 11 12 12
15 15 16 16 17 17 17 18 18 18 19 19 20 20 20 21 21 21 22 22 22 23 23 23 23 24 24 24 25 25 25 25 25 25 25 25 25 25 25 25 25 26 26 26 26 26 26 26 26 26 26 26 26 27 27 27 27 27 27 27 27 27 27 27 27 27 28 24 20 14 8 4 0 0 0 0 0 0 0 0 0 0 0 3 4 5 7 7 8 8 9 9 9 9 10 11
14 15 15 16 16 16 17 17 18 18 18 19 19 20 20 20 20 21 21 22 22 22 23 23 23 23 23 24 24 24 24 25 25 25 25 25 25 25 25 25 25 25 25 25 25 25 25 25 26 26 26 26 26 26 26 26 27 27 27 27 27 27 27 27 27 27 27 26 22 15 8 4 0 0 0 0 0 0 0 0 0 0 1 0 0 0 5 6 7 7 8 8 8 8 9 9
14 14 15 15 16 16 16 16 17 17 18 18 19 19 19 20 20 20 21 21 21 22 22 22 23 23 23 23 24 24 24 24 24 24 24 24 24 25 25 25 25 25 25 25 25 25 25 25 25 25 25 26 26 26 26 26 26 26 26 26 26 27 27 27 27 27 27 27 23 16 9 4 0 0 0 0 0 0 0 0 0 0 0 0 0 0 4 5 6 6 6 7 7 7 7 8
13 13 14 15 15 16 16 16 16 17 17 18 18 19 19 19 20 20 20 20 21 21 21 22 22 22 22 23 23 23 23 23 23 23 23 24 24 24 24 24 24 24 24 24 24 25 25 25 25 25 25 25 25 26 26 26 26 26 26 26 26 26 26 26 27 27 27 27 25 16 8 3 0 0 0 0 0 0 0 0 0 0 0 0 0 0 0 4 4 5 5 5 5 5 6 6
12 13 14 14 15 15 15 16 16 16 17 17 18 18 19 19 19 19 20 20 20 20 21 21 21 21 22 22 23 23 23 23 23 23 23 23 23 23 24 24 24 24 24 24 24 24 24 24 24 25 25 25 25 25 25 25 25 25 25 26 26 26 26 26 26 26 26 26 26 17 6 0 0 0 0 0 0 0 0 0 0 0 0 0 0 0 0 3 3 4 4 4 4 4 5 5
12 13 13 14 14 15 15 15 16 16 17 17 17 18 18 18 18 19 19 20 20 20 20 20 20 21 21 22 22 22 22 22 22 22 23 23 23 23 23 23 23 23 23 23 24 24 24 24 24 24 24 25 25 25 25 25 25 25 25 25 25 26 26 26 26 26 26 26 23 16 2 1 0 0 0 0 0 0 0 0 0 0 0 0 0 0 0 0 2 2 2 2 3 3 3 3
12 12 13 13 14 14 15 15 15 16 16 16 17 17 17 18 18 18 18 19 19 20 20 20 20 20 20 21 21 21 22 22 22 22 22 22 23 23 23 23 23 23 23 23 23 23 23 24 24 24 24 24 24 24 24 25 25 25 25 25 25 25 25 25 26 26 26 26 27 30 16 0 0 0 2 0 0 0 0 0 0 0 0 0 0 0 0 1 1 1 1 1 2 2 2 2
11 12 12 13 13 14 14 14 15 15 16 16 16 16 17 17 17 17 18 18 18 19 19 19 19 20 20 20 21 21 21 21 21 21 21 22 22 22 22 23 23 23 23 23 23 23 23 23 23 24 24 24 24 24 24 24 25 25 25 25 25 25 25 25 26 26 26 26 28 29 30 25 30 30 5 1 0 0 0 0 0 0 0 0 0 0 0 0 0 0 0 0 1 1 1 1
11 12 12 13 13 13 14 14 14 15 15 16 16 16 16 16 17 17 17 18 18 18 18 19 19 19 20 20 20 20 20 20 21 21 21 21 21 22 22 22 22 22 22 23 23 23 23 23 23 23 23 24 24 24 24 24 24 24 24 25 25 25 25 25 25 25 26 26 28 29 30 30 30 20 12 3 0 0 0 0 0 0 0 -1 -1 -1 0 0 0 0 0 0 0 0 0 1
11 11 12 12 12 13 13 13 14 14 15 15 15 15 16 16 16 16 17 17 17 17 18 18 18 18 19 19 20 20 20 20 20 20 21 21 21 21 21 22 22 22 22 22 22 23 23 23 23 23 23 23 24 24 24 24 24 24 24 25 25 25 25 25 25 25 26 26 28 29 30 30 30 20 10 5 2 0 0 0 0 0 0 0 0 -1 -1 0 0 0 0 0 0 0 0 0
10 11 12 12 12 12 13 13 13 14 14 14 15 15 15 15 16 16 16 16 17 17 17 17 18 18 18 19 19 19 19 20 20 20 20 20 20 21 21 21 21 21 21 22 22 22 22 22 23 23 23 23 23 23 23 24 24 24 24 24 24 24 24 25 25 25 25 26 28 29 30 30 30 20 11 6 3 1 1 0 0 0 0 0 0 0 -1 -1 0 0 0 0 0 0 0 0
10 11 11 11 12 12 12 12 13 13 13 14 14 14 14 15 15 15 16 16 16 16 16 17 17 17 18 18 18 19 19 19 19 20 20 20 20 20 20 21 21 21 21 21 22 22 22 22 22 23 23 23 23 23 23 23 24 24 24 24 24 24 24 25 25 25 25 26 28 29 30 30 30 20 11 7 4 3 2 2 1 0 0 0 0 0 -1 -1 0 0 0 0 0 0 0 0
10 10 11 11 11 12 12 12 12 12 13 13 13 14 14 14 14 15 15 15 16 16 16 16 16 17 17 17 18 18 18 18 19 19 19 19 20 20 20 20 20 20 21 21 21 21 21 22 22 22 22 23 23 23 23 23 23 23 23 23 24 24 24 25 25 25 25 26 28 29 29 30 30 20 12 8 5 4 4 3 2 1 0 0 0 0 0 -1 -1 -1 0 0 0 0 0 0
10 10 10 10 11 11 11 11 12 12 12 12 13 13 13 13 14 14 14 15 15 15 16 16 16 16 16 17 17 17 18 18 18 18 19 19 19 19 20 20 20 20 20 21 21 21 21 21 22 22 22 22 23 23 23 23 23 23 23 23 23 23 24 25 25 25 25 26 28 29 29 29 29 20 12 9 7 5 5 4 3 2 2 1 0 0 0 0 -2 -1 0 0 0 0 0 0
9 10 10 10 10 11 11 11 11 12 12 12 12 13 13 13 13 14 14 14 15 15 15 15 16 16 16 16 16 17 17 17 17 18 18 18 19 19 19 19 19 20 20 20 20 20 21 21 21 21 21 22 22 22 23 23 23 23 23 23 23 23 24 25 25 25 25 27 28 29 29 29 29 20 13 10 8 7 6 5 5 4 3 2 1 0 0 0 0 -2 -1 0 0 0 0 0
9 9 9 10 10 10 10 11 11 11 12 12 12 12 12 12 13 13 14 14 14 15 15 15 15 16 16 16 16 16 17 17 17 17 18 18 18 19 19 19 19 19 20 20 20 20 20 21 21 21 21 22 22 22 22 22 22 23 23 23 23 23 24 25 25 25 25 26 28 28 29 29 29 20 14 11 10 9 8 7 6 5 4 3 2 0 0 0 0 -1 -2 -1 0 0 0 0
9 9 9 9 10 10 10 10 11 11 11 12 12 12 12 12 12 13 13 13 14 14 14 14 15 15 15 16 16 16 16 16 17 17 17 17 18 18 18 18 19 19 19 20 20 20 20 20 20 21 21 21 22 22 22 22 22 23 23 23 23 23 24 24 25 25 25 26 28 28 29 29 29 20 15 13 12 10 9 8 7 6 5 4 2 1 0 0 0 0 0 -2 0 0 -1 0
9 9 9 9 9 9 10 10 10 11 11 11 12 12 12 12 12 12 13 13 13 14 14 14 14 15 15 15 16 16 16 16 16 16 17 17 17 18 18 18 18 19 19 19 19 20 20 20 20 20 21 21 21 21 21 22 22 22 22 22 22 22 24 24 25 25 25 26 28 28 28 29 29 20 16 14 13 12 11 10 8 7 6 5 4 2 1 0 0 0 0 -1 0 -1 -1 -1
9 9 9 9 9 9 9 10 10 10 11 11 11 11 12 12 12 12 13 13 13 13 13 14 14 14 15 15 15 15 16 16 16 16 17 17 17 17 17 18 18 18 19 19 19 19 20 20 20 20 20 21 21 21 21 21 22 22 22 22 22 22 24 24 25 25 25 26 28 28 28 28 29 21 17 15 14 13 12 11 10 9 8 7 5 4 3 2 0 0 0 -1 0 -1 -1 -2
9 9 9 9 9 9 9 10 10 10 10 11 11 11 11 12 12 12 12 13 13 13 13 14 14 14 14 15 15 15 15 16 16 16 16 17 17 17 17 17 18 18 18 19 19 19 19 20 20 20 20 20 21 21 21 21 21 21 21 21 21 21 24 24 25 25 25 26 27 28 28 28 28 21 18 16 16 15 13 12 12 11 10 9 8 7 6 5 3 1 0 0 0 0 -1 -1
9 8 8 9 9 9 9 9 10 10 10 10 11 11 11 11 12 12 12 12 12 13 13 13 13 14 14 14 15 15 15 15 16 16 16 16 17 17 17 17 18 18 18 19 19 19 19 19 20 20 20 20 20 21 21 21 21 21 21 21 21 23 24 24 25 25 25 26 27 28 28 28 28 22 19 18 17 16 15 14 13 12 12 11 10 9 9 8 6 4 3 1 0 0 0 -1
8 8 8 8 9 9 9 9 9 10 10 10 10 11 11 11 12 12 12 12 12 13 13 13 13 14 14 14 15 15 15 15 16 16 16 16 16 17 17 17 17 18 18 18 19 19 19 19 20 20 20 20 20 21 21 21 21 21 21 21 22 23 24 24 25 25 25 26 27 27 28 28 28 23 20 20 19 18 17 16 16 15 14 14 13 12 12 11 9 7 6 4 2 0 0 0
8 8 8 8 8 9 9 9 9 9 10 10 10 10 11 11 11 12 12 12 12 12 13 13 13 14 14 14 14 15 15 15 15 16 16 16 16 17 17 17 17 18 18 18 18 19 19 19 19 20 20 20 20 21 21 21 21 21 22 22 22 23 24 24 25 25 25 26 27 27 27 28 28 23 22 21 21 20 19 18 17 17 17 16 16 16 15 14 12 10 9 7 5 3 1 0
8 8 8 8 8 8 9 9 9 9 10 10 10 10 11 11 11 12 12 12 12 12 12 13 13 13 14 14 14 14 15 15 15 16 16 16 16 16 17 17 17 18 18 18 18 19 19 19 19 20 20 20 20 21 21 21 21 21 22 22 22 23 24 24 25 25 26 26 27 27 27 28 28 24 23 23 23 22 21 20 20 20 20 20 19 19 19 18 16 14 12 10 7 6 3 3
8 8 8 8 8 8 8 9 9 9 9 10 10 10 10 10 11 11 11 12 12 12 12 12 13 13 14 14 14 14 15 15 15 15 16 16 16 16 16 17 17 17 18 18 18 19 19 19 19 20 20 20 20 21 21 21 21 22 22 22 23 23 24 24 25 25 26 26 27 27 27 27 28 25 24 24 24 23 23 23 23 23 23 23 22 22 22 21 19 16 15 12 10 9 7 6
7 7 7 8 8 8 8 8 9 9 9 9 10 10 10 10 11 11 11 12 12 12 12 12 13 13 13 14 14 14 14 15 15 15 16 16 16 16 16 17 17 17 18 18 18 18 19 19 19 20 20 20 20 21 21 21 21 22 22 23 23 23 24 24 25 25 26 26 27 27 27 27 28 27 26 26 26 26 26 25 26 27 27 26 25 25 25 25 22 19 17 14 12 11 10 9
7 7 7 7 7 8 8 8 9 9 9 9 9 10 10 10 11 11 11 11 12 12 12 12 13 13 13 13 14 14 14 14 15 15 16 16 16 16 16 16 17 17 18 18 18 18 19 19 19 20 20 20 20 21 21 21 21 22 22 23 23 23 24 24 24 25 26 26 26 27 27 27 27 28 27 27 28 28 28 28 29 30 30 30 28 28 28 28 25 22 20 17 15 14 13 12
7 7 7 7 7 8 8 8 9 9 9 9 9 9 10 10 10 11 11 11 12 12 12 12 12 13 13 13 14 14 14 14 15 15 15 16 16 16 16 16 17 17 17 18 18 18 19 19 19 20 20 20 20 20 21 21 21 22 22 23 23 23 24 24 25 25 26 26 26 27 27 27 27 27 28 28 28 29 29 29 30 30 30 30 30 30 30 30 27 25 22 20 18 17 16 15
7 7 7 7 7 7 7 8 8 8 9 9 9 9 10 10 10 11 11 11 11 12 12 12 12 13 13 13 13 14 14 14 15 15 15 16 16 16 16 16 17 17 17 18 18 18 18 19 19 20 20 20 20 20 21 21 21 22 22 23 23 23 24 25 25 25 26 26 26 27 27 27 27 28 27 27 27 27 28 28 28 29 29 30 30 30 30 30 29 28 25 23 21 20 20 19
7 7 7 6 7 7 7 7 8 8 8 9 9 9 9 9 10 10 11 11 11 11 12 12 12 12 13 13 13 13 14 14 14 15 15 15 16 16 16 16 16 17 17 17 18 18 18 19 19 19 20 20 20 20 21 21 21 22 22 23 23 23 23 24 25 26 26 27 27 27 27 27 27 26 26 26 26 27 27 27 28 28 29 29 29 29 29 28 28 28 28 26 24 23 23 22
6 6 6 6 6 6 7 7 8 8 8 8 9 9 9 9 10 10 10 11 11 11 11 12 12 12 12 13 13 13 13 14 14 15 15 15 15 16 16 16 16 17 17 17 17 18 18 18 19 19 19 20 20 20 20 21 21 22 22 22 22 23 23 23 24 25 25 26 26 26 26 25 25 25 25 25 25 25 26 26 27 27 27 27 27 28 28 27 27 27 27 27 26 25 24 23
6 6 6 6 6 6 6 6 7 7 8 8 8 9 9 9 9 10 10 10 10 11 11 11 12 12 12 12 12 13 13 13 14 14 14 14 15 15 15 16 16 16 17 17 17 17 18 18 18 18 19 19 20 20 20 20 21 21 21 22 22 22 22 23 23 24 24 25 25 24 25 24 24 24 24 24 24 25 25 25 25 26 26 26 26 27 27 26 26 26 26 26 26 25 25 24
