docs/tutorials/sandy/files/Data/Step1_makebathy/crm.asc
ncols        681
nrows        343
xllcorner    -74.239583333333
yllcorner    39.874583333333
cellsize     0.000833333333
NODATA_value -9999.0
[rows 47 to 93 of 343, columns 192 to 287 of 681]
30 30 30 30 30 30 29 29 28 27 27 26 26 25 24 23 22 20 18 18 16 16 15 14 13 12 11 10 9 9 8 7 6 5 5 4 5 4 4 4 4 4 4 3 3 3 3 2 2 2 2 1 1 1 1 0 0 0 0 0 0 -5 -6 -7 -8 -8 -9 -10 -11 -12 -13 -13 -14 -14 -14 -14 -15 -15 -15 -15 -15 -15 -16 -16 -16 -16 -17 -17 -17 -16 -16 -15 -15 -14 -14 -14
30 30 30 30 30 30 29 29 28 27 27 27 25 24 23 22 20 19 17 16 16 15 14 13 12 11 10 9 9 8 7 6 5 4 3 3 4 4 4 3 3 3 3 3 3 2 2 2 2 2 1 1 1 1 0 0 0 0 0 0 -2 -5 -6 -7 -8 -9 -9 -10 -11 -12 -13 -13 -14 -14 -14 -14 -14 -15 -15 -15 -15 -16 -16 -16 -16 -16 -17 -16 -16 -15 -15 -15 -14 -14 -14 -15
30 30 30 30 30 30 30 29 28 27 26 25 24 23 22 21 19 18 16 16 15 14 13 12 12 10 9 8 8 7 6 5 5 4 2 3 3 3 3 3 3 2 2 2 2 2 2 2 2 1 1 1 1 0 0 0 0 0 0 0 -3 -5 -7 -7 -8 -9 -10 -11 -11 -12 -13 -13 -14 -14 -14 -14 -14 -15 -15 -15 -15 -16 -16 -16 -16 -16 -16 -15 -15 -15 -14 -14 -13 -14 -14 -14
28 29 30 29 29 29 28 28 27 25 24 23 22 21 20 20 18 16 16 15 14 13 12 11 11 9 8 7 7 6 5 5 4 3 2 2 2 2 2 2 2 2 2 2 2 2 2 1 1 1 1 1 1 0 0 0 0 0 0 0 -3 -6 -7 -8 -8 -9 -10 -11 -12 -12 -13 -13 -14 -14 -14 -14 -14 -15 -15 -15 -15 -16 -16 -16 -16 -15 -15 -15 -15 -14 -14 -14 -13 -13 -14 -14
27 28 28 27 27 27 27 27 25 24 23 22 21 20 19 18 17 15 14 14 13 12 11 10 10 9 8 7 6 5 5 4 3 2 1 1 1 1 1 1 1 1 1 1 1 1 1 1 1 1 1 0 0 0 0 0 0 0 0 0 -4 -6 -7 -8 -9 -9 -11 -12 -12 -13 -13 -14 -14 -14 -14 -14 -14 -15 -15 -15 -16 -16 -16 -16 -15 -15 -15 -14 -14 -14 -14 -14 -14 -13 -13 -13
26 27 26 26 26 26 25 25 24 23 22 21 20 19 18 17 16 14 13 13 12 11 10 9 9 8 7 6 5 4 4 3 2 1 0 0 0 1 1 1 1 1 1 1 1 1 1 1 1 1 0 0 0 0 0 0 0 0 0 -2 -4 -7 -7 -8 -9 -10 -11 -12 -13 -13 -14 -14 -14 -14 -14 -14 -15 -15 -15 -16 -16 -16 -16 -16 -16 -16 -15 -15 -15 -15 -14 -14 -14 -14 -14 -13
24 25 25 24 24 24 24 23 22 21 20 20 19 18 17 16 15 13 12 12 11 10 10 9 8 7 6 5 4 4 3 2 1 0 0 0 0 0 0 0 0 0 0 0 0 0 0 0 0 0 0 0 0 0 0 0 0 0 0 -2 -5 -7 -8 -8 -9 -10 -11 -12 -13 -14 -14 -14 -14 -14 -15 -15 -15 -16 -16 -16 -16 -16 -16 -16 -16 -16 -15 -15 -15 -15 -15 -14 -14 -14 -14 -14
23 23 23 23 23 23 22 22 21 20 19 18 17 16 16 15 14 12 12 11 10 10 9 8 7 6 5 5 4 3 2 2 1 0 0 0 0 0 0 0 0 0 0 0 0 0 0 0 0 0 0 0 0 0 0 0 0 0 0 -2 -5 -7 -8 -8 -9 -10 -11 -12 -13 -13 -14 -14 -15 -15 -15 -15 -15 -16 -16 -16 -16 -17 -16 -16 -16 -16 -15 -15 -15 -15 -15 -14 -15 -15 -15 -15
21 22 22 21 21 21 21 20 19 18 18 17 16 16 15 14 13 12 11 10 9 9 8 7 6 5 5 4 3 2 2 1 1 0 0 0 0 0 0 0 0 0 0 0 0 0 0 0 0 0 0 0 0 0 0 0 0 0 0 -3 -5 -7 -8 -8 -9 -10 -11 -12 -13 -14 -14 -15 -15 -15 -15 -15 -16 -16 -16 -16 -17 -17 -16 -16 -16 -15 -15 -15 -15 -15 -15 -15 -15 -15 -15 -16
20 20 20 20 20 20 19 19 18 17 16 16 15 14 14 13 12 11 10 9 9 8 7 6 5 4 4 3 2 2 1 1 0 0 0 0 0 0 0 0 0 0 0 0 0 0 0 0 0 0 0 0 0 0 0 0 0 0 -1 -4 -6 -7 -7 -9 -10 -10 -11 -12 -13 -14 -14 -15 -15 -16 -16 -16 -16 -16 -16 -17 -17 -16 -16 -16 -15 -15 -15 -15 -15 -15 -15 -15 -15 -16 -15 -16
18 19 19 18 18 18 18 17 17 16 16 15 14 13 12 12 11 10 9 8 7 7 6 5 4 3 2 2 1 1 0 0 0 0 0 0 0 0 0 0 0 0 0 0 0 0 0 0 0 0 0 0 0 0 0 0 0 0 -2 -4 -6 -7 -7 -9 -10 -11 -12 -12 -13 -14 -14 -15 -15 -15 -16 -16 -16 -16 -16 -16 -16 -16 -15 -15 -14 -15 -15 -15 -15 -14 -15 -15 -15 -15 -15 -15
17 17 17 16 17 16 16 16 16 15 14 14 13 12 12 10 9 9 8 7 6 6 5 4 3 2 2 0 0 0 0 0 0 0 0 0 0 0 0 0 0 0 0 0 0 0 0 0 0 0 0 0 0 0 0 0 0 0 -2 -4 -6 -7 -8 -9 -10 -11 -12 -12 -13 -14 -15 -15 -15 -15 -16 -16 -16 -16 -16 -16 -16 -15 -15 -15 -14 -15 -15 -15 -15 -15 -15 -15 -15 -16 -16 -16
15 16 16 16 16 16 15 15 14 13 13 12 12 11 10 9 8 8 7 6 5 5 4 4 2 2 1 0 0 0 0 0 0 0 0 0 0 0 0 0 0 0 0 0 0 0 0 0 0 0 0 0 0 0 0 0 0 0 -2 -5 -6 -7 -8 -9 -10 -11 -12 -13 -13 -14 -15 -15 -15 -15 -16 -16 -16 -16 -16 -16 -16 -15 -15 -14 -14 -15 -14 -15 -15 -15 -15 -16 -16 -16 -17 -17
14 14 14 14 14 14 14 13 13 12 12 11 10 10 9 8 7 7 6 5 5 4 4 3 2 1 1 0 0 0 0 0 0 0 0 0 0 0 0 0 0 0 0 0 0 0 0 0 0 0 0 0 0 0 0 0 0 0 -3 -5 -6 -7 -8 -9 -10 -12 -12 -13 -14 -15 -15 -15 -15 -15 -16 -16 -16 -16 -16 -16 -16 -15 -15 -15 -15 -15 -15 -15 -16 -16 -16 -16 -17 -17 -17 -18
12 13 13 12 12 12 12 12 11 11 10 10 9 9 8 7 6 6 5 5 4 4 3 2 2 1 1 1 0 0 0 0 0 0 0 0 0 0 0 0 0 0 0 0 0 0 0 0 0 0 0 0 0 0 0 0 0 0 -3 -5 -7 -8 -8 -9 -11 -12 -12 -13 -14 -15 -15 -15 -15 -15 -16 -16 -16 -16 -16 -16 -16 -16 -16 -16 -16 -16 -16 -16 -16 -17 -17 -17 -17 -17 -18 -18
11 12 11 11 11 11 11 10 10 9 9 9 8 8 7 7 6 5 5 5 4 4 3 2 2 2 1 1 0 0 0 0 0 0 0 0 0 0 0 0 0 -1 0 0 0 0 0 0 0 0 0 0 0 0 0 0 0 0 -4 -5 -7 -7 -9 -10 -11 -12 -13 -13 -14 -15 -15 -15 -15 -15 -15 -16 -16 -16 -16 -16 -16 -16 -16 -17 -16 -16 -16 -16 -17 -17 -17 -18 -18 -18 -18 -18
9 10 10 9 9 9 9 9 8 8 8 7 7 7 6 6 5 5 5 4 4 3 3 2 2 1 1 1 0 0 0 0 0 0 0 0 0 0 -1 0 0 0 0 0 0 0 0 0 0 0 0 0 0 0 0 0 0 0 -4 -6 -7 -8 -9 -10 -11 -12 -13 -13 -14 -15 -15 -15 -15 -15 -15 -15 -15 -16 -16 -16 -16 -16 -17 -17 -17 -17 -17 -17 -17 -18 -18 -18 -18 -18 -18 -18
8 9 8 8 8 8 8 7 7 7 6 6 6 6 5 5 5 4 4 4 3 3 2 2 2 1 1 0 0 0 0 0 0 0 -1 -2 -1 -1 -2 -3 -1 -1 -1 0 -2 0 0 0 0 0 0 0 0 0 0 0 0 -2 -3 -5 -7 -8 -9 -10 -11 -12 -13 -13 -14 -15 -15 -15 -15 -15 -15 -15 -15 -16 -16 -16 -16 -16 -17 -17 -17 -17 -17 -17 -17 -18 -18 -18 -18 -18 -18 -18
6 7 7 6 6 6 6 6 5 5 5 5 5 5 4 4 4 3 3 3 2 2 2 2 1 1 1 0 0 0 0 0 -1 -1 -4 -4 -3 -1 -1 -2 -3 -3 -3 -3 -4 -3 -1 -1 0 0 0 0 0 0 0 0 0 -2 -4 -6 -7 -8 -9 -10 -11 -12 -13 -13 -14 -15 -15 -15 -15 -15 -15 -15 -15 -16 -16 -16 -16 -16 -16 -17 -17 -17 -17 -17 -17 -18 -18 -18 -18 -18 -18 -18
5 5 5 5 5 5 5 5 5 4 4 4 4 4 3 3 3 3 2 2 2 2 2 1 1 0 0 0 0 0 0 0 -3 -1 -1 0 0 0 0 0 0 -1 -1 -1 -1 -1 -3 -3 -3 -2 -1 0 0 0 0 0 0 -2 -4 -6 -7 -8 -9 -10 -11 -12 -13 -14 -14 -15 -15 -15 -15 -15 -15 -15 -16 -16 -16 -16 -16 -16 -16 -17 -17 -17 -17 -17 -17 -18 -18 -18 -19 -19 -18 -18
3 4 4 4 3 3 3 3 3 3 3 3 3 3 2 2 2 2 2 2 2 1 1 1 0 0 0 0 0 0 -1 -3 -1 0 0 0 0 0 0 0 0 0 0 0 -1 -1 -1 0 -3 -3 -3 -3 -3 0 0 0 0 -3 -5 -6 -7 -8 -9 -10 -11 -13 -13 -14 -14 -15 -15 -16 -16 -15 -15 -15 -16 -16 -16 -16 -16 -17 -17 -17 -17 -17 -17 -18 -18 -18 -18 -19 -19 -19 -19 -18
2 2 2 2 2 2 2 2 2 2 2 2 2 2 2 2 2 2 1 1 1 1 0 0 0 0 0 0 0 -1 -1 -1 0 0 0 0 0 0 0 0 0 0 0 0 0 0 -1 0 -1 -2 -2 -2 -3 -3 -2 0 0 -3 -4 -6 -7 -8 -9 -10 -11 -12 -13 -13 -14 -15 -15 -16 -16 -16 -15 -15 -16 -16 -16 -16 -17 -17 -17 -17 -17 -17 -18 -18 -18 -19 -19 -19 -19 -19 -19 -18
1 1 1 1 1 2 2 2 2 2 2 2 2 2 2 1 1 1 1 1 1 0 0 0 0 0 0 0 -2 -1 0 0 0 0 0 0 0 0 0 0 -1 0 -1 0 0 0 0 -1 -2 -2 0 0 0 -3 -4 -4 -3 -3 -4 -5 -7 -8 -10 -11 -11 -12 -13 -13 -14 -15 -15 -16 -16 -16 -15 -16 -16 -16 -16 -16 -16 -17 -17 -17 -17 -18 -18 -18 -19 -19 -19 -19 -19 -19 -19 -19
1 1 1 1 1 1 1 1 1 1 1 1 1 1 1 1 1 1 1 0 0 0 0 0 0 0 0 0 -2 -1 0 0 0 0 0 0 0 0 0 -1 -1 0 0 0 0 0 0 0 0 0 0 0 0 0 0 -2 -4 -3 -4 -6 -7 -9 -10 -10 -11 -12 -13 -14 -15 -15 -15 -15 -15 -15 -15 -15 -16 -16 -16 -16 -16 -16 -17 -17 -18 -18 -18 -18 -18 -19 -19 -19 -19 -18 -18 -18
0 0 0 0 0 0 1 1 1 1 1 1 1 1 1 1 1 0 0 0 0 0 0 0 0 0 0 0 -1 0 0 0 0 0 0 0 0 0 0 0 0 0 0 0 0 0 0 0 0 0 0 -2 0 0 0 0 0 -4 -5 -5 -7 -9 -10 -10 -11 -12 -13 -14 -15 -15 -15 -15 -15 -15 -15 -15 -15 -15 -15 -16 -16 -16 -17 -18 -18 -19 -18 -18 -18 -18 -18 -18 -18 -18 -18 -18
0 0 0 0 0 0 0 0 0 0 0 0 0 0 0 0 0 0 0 0 0 0 0 0 0 0 0 -2 -1 0 0 0 0 0 2 2 2 1 1 1 0 0 0 0 0 0 0 0 0 0 0 0 0 0 0 0 0 0 -3 -5 -7 -9 -10 -10 -12 -13 -13 -13 -15 -15 -15 -15 -15 -15 -15 -14 -14 -15 -15 -15 -16 -16 -17 -19 -18 -18 -18 -18 -17 -17 -17 -18 -18 -18 -18 -19
0 0 0 0 0 0 0 0 0 0 0 0 0 0 0 0 0 0 0 0 0 0 0 0 0 0 0 -1 0 0 1 1 2 2 2 3 2 1 1 1 1 0 0 0 0 0 0 0 0 0 0 0 0 0 0 0 0 -3 -4 -5 -7 -9 -10 -11 -12 -13 -13 -14 -15 -15 -15 -15 -15 -14 -14 -14 -13 -14 -15 -15 -16 -17 -18 -18 -18 -17 -17 -17 -17 -17 -17 -18 -18 -18 -18 -19
0 0 0 0 0 0 0 0 0 0 0 0 0 0 0 0 0 0 0 0 0 0 0 0 0 0 -2 -1 0 1 2 2 2 3 3 3 2 2 2 1 1 0 0 0 0 0 0 -1 -1 -1 -1 0 0 0 0 0 -2 -4 -5 -6 -7 -8 -9 -11 -12 -13 -13 -13 -15 -15 -15 -15 -14 -14 -13 -14 -14 -15 -16 -16 -17 -18 -18 -18 -17 -17 -17 -18 -18 -18 -18 -18 -18 -18 -18 -18
0 0 0 0 0 0 0 0 0 0 0 0 0 0 0 0 0 0 0 0 0 0 0 0 0 0 -1 0 1 1 2 3 4 4 3 3 2 2 2 1 1 0 0 0 0 0 0 -3 -2 -1 0 0 0 0 0 0 -3 -5 -6 -7 -8 -9 -10 -11 -12 -13 -13 -14 -15 -15 -15 -14 -13 -14 -14 -14 -15 -16 -17 -17 -18 -18 -18 -18 -18 -18 -18 -18 -18 -18 -18 -18 -19 -18 -18 -17
0 0 0 0 0 0 0 0 0 0 0 0 0 0 0 0 0 0 0 0 0 0 0 0 0 -1 -1 1 2 2 3 4 5 5 4 3 3 2 2 1 1 0 0 0 0 0 0 -1 -3 -1 0 0 0 0 0 0 -4 -5 -6 -7 -8 -9 -10 -11 -12 -13 -14 -14 -14 -15 -15 -15 -15 -15 -15 -15 -16 -17 -17 -17 -18 -18 -18 -18 -18 -18 -18 -18 -18 -18 -18 -18 -18 -18 -17 -18
0 0 0 0 0 0 0 0 0 0 0 0 0 0 0 0 0 0 0 0 0 0 0 -1 -1 -1 1 2 2 3 5 6 5 4 4 3 3 2 2 1 1 0 0 0 0 0 0 0 -1 -1 0 0 0 0 0 -2 -4 -5 -7 -7 -8 -9 -10 -11 -12 -13 -14 -14 -15 -15 -16 -16 -16 -16 -16 -16 -17 -17 -17 -17 -17 -17 -17 -17 -18 -18 -19 -18 -19 -19 -19 -19 -19 -19 -18 -18
0 0 0 0 0 0 0 0 0 0 0 0 0 0 0 0 0 0 0 0 0 0 -1 0 0 1 2 3 4 4 5 6 5 5 4 3 3 3 2 2 1 1 1 0 0 0 0 0 0 0 0 0 0 0 0 -3 -5 -6 -7 -8 -9 -9 -10 -11 -12 -14 -14 -14 -15 -15 -16 -16 -16 -16 -17 -16 -16 -17 -17 -17 -17 -17 -17 -17 -17 -18 -18 -19 -19 -19 -19 -19 -19 -19 -19 -19
-1 0 0 0 0 0 0 0 0 0 0 0 0 0 0 0 0 0 0 0 0 -1 0 0 1 2 3 4 5 5 7 6 5 5 4 3 3 3 2 2 1 1 1 1 0 0 0 0 0 0 0 0 0 0 -1 -3 -5 -6 -7 -8 -9 -10 -11 -11 -13 -14 -14 -14 -15 -15 -16 -16 -16 -16 -16 -16 -16 -16 -16 -16 -16 -16 -17 -17 -17 -18 -18 -19 -19 -20 -20 -20 -20 -20 -20 -20
-1 0 0 0 0 0 0 0 0 0 0 0 0 0 0 0 0 0 0 -1 -1 0 1 2 2 3 4 5 5 6 7 6 5 5 4 4 3 3 2 2 2 1 1 1 1 0 0 0 0 0 0 0 0 0 -2 -4 -6 -6 -7 -8 -9 -10 -11 -12 -13 -14 -14 -14 -15 -16 -16 -16 -16 -16 -16 -16 -16 -16 -16 -16 -16 -17 -17 -17 -18 -18 -19 -19 -19 -20 -20 -20 -20 -20 -20 -20
-2 -1 0 -1 0 0 0 0 0 0 0 0 0 -1 0 0 0 -1 -1 -1 0 1 2 3 4 4 5 6 6 8 7 6 5 5 4 4 3 3 3 2 2 2 1 1 1 1 0 0 0 0 0 0 0 0 -2 -5 -6 -7 -7 -8 -9 -11 -11 -12 -14 -14 -14 -14 -15 -16 -16 -16 -17 -16 -16 -16 -16 -16 -17 -17 -17 -18 -18 -18 -18 -18 -19 -19 -19 -19 -20 -20 -20 -20 -20 -20
-1 0 -1 -2 0 -1 0 0 0 0 0 0 -1 0 -1 -1 -1 -1 -1 0 1 2 4 5 5 6 6 7 8 8 6 6 5 5 4 4 4 3 3 2 2 2 2 1 1 1 0 0 0 0 0 0 0 0 -4 -5 -6 -7 -8 -9 -10 -11 -12 -13 -14 -14 -14 -15 -15 -16 -16 -16 -16 -16 -16 -16 -16 -17 -17 -18 -18 -19 -19 -18 -19 -18 -18 -18 -19 -19 -19 -19 -20 -20 -20 -20
0 0 0 0 -1 -2 -1 0 0 0 0 0 0 -1 -1 -1 -1 -1 0 2 3 4 5 6 7 7 8 9 9 8 6 6 5 5 4 4 4 3 3 2 2 2 2 1 1 1 1 0 0 0 0 0 0 0 -4 -6 -7 -8 -8 -9 -10 -11 -12 -13 -14 -15 -14 -15 -15 -15 -15 -15 -15 -15 -16 -16 -17 -17 -18 -18 -18 -18 -18 -18 -18 -18 -18 -18 -18 -19 -18 -19 -20 -20 -20 -20
0 0 0 -1 0 -1 -2 -1 0 0 0 -1 -1 -1 -1 -2 -1 2 3 4 5 6 7 8 8 9 10 9 9 8 6 6 5 5 5 4 4 4 3 3 2 2 2 1 1 1 0 0 0 0 0 0 0 -4 -5 -6 -7 -7 -9 -9 -11 -12 -13 -13 -14 -14 -14 -15 -15 -14 -14 -15 -15 -16 -16 -16 -17 -18 -18 -18 -18 -17 -18 -17 -17 -18 -18 -18 -19 -19 -19 -19 -20 -20 -20 -20
1 0 0 0 0 0 -1 0 -1 -2 -2 -2 -1 -1 -2 -1 0 5 5 6 7 8 9 9 10 11 10 9 9 7 6 6 5 5 5 4 4 4 3 3 2 2 2 2 1 1 0 0 0 0 0 0 0 -4 -6 -7 -7 -8 -9 -10 -11 -12 -13 -13 -14 -14 -13 -14 -14 -15 -15 -15 -15 -16 -16 -17 -17 -17 -18 -17 -18 -17 -18 -18 -18 -18 -19 -19 -19 -20 -20 -20 -20 -20 -20 -20
5 4 3 3 3 3 4 0 0 -1 -2 -2 -1 -1 -1 -1 7 7 8 9 9 10 11 12 11 10 10 9 8 7 6 6 5 5 5 4 4 4 3 3 2 2 2 2 1 1 0 0 0 0 0 0 0 -4 -5 -7 -7 -8 -9 -10 -11 -12 -13 -13 -13 -13 -13 -13 -14 -15 -15 -16 -16 -16 -16 -17 -17 -17 -17 -18 -18 -18 -18 -19 -19 -19 -19 -19 -20 -20 -20 -20 -20 -20 -20 -20
8 7 7 7 7 7 7 7 7 6 6 6 8 9 0 -1 10 10 10 11 11 12 12 11 11 10 9 9 8 7 6 6 5 5 5 4 4 4 3 3 2 2 2 1 1 1 0 0 0 0 0 0 -3 -5 -6 -7 -7 -9 -9 -10 -11 -12 -13 -13 -12 -12 -12 -14 -15 -15 -16 -16 -16 -16 -17 -17 -17 -17 -17 -17 -18 -18 -18 -18 -19 -19 -19 -19 -19 -20 -20 -20 -20 -20 -20 -20
11 11 10 11 10 11 11 11 11 11 12 12 13 13 0 -1 13 13 13 14 13 13 12 11 10 10 9 9 8 7 6 6 5 5 5 4 4 4 3 3 2 2 2 1 1 1 0 0 0 0 0 0 -3 -5 -6 -7 -8 -9 -10 -10 -12 -12 -13 -12 -12 -12 -13 -14 -15 -16 -16 -16 -17 -17 -17 -17 -17 -17 -17 -17 -17 -17 -17 -18 -19 -19 -19 -19 -19 -20 -20 -20 -20 -20 -21 -21
14 14 14 14 14 14 15 15 16 16 16 16 17 18 17 0 16 16 15 14 13 12 12 11 10 9 9 8 7 7 6 6 5 5 5 4 4 4 3 3 2 2 2 1 1 1 0 0 0 0 0 0 -4 -5 -6 -7 -8 -9 -10 -11 -12 -12 -13 -12 -13 -13 -14 -15 -15 -16 -16 -16 -17 -17 -17 -17 -17 -17 -17 -18 -18 -17 -18 -18 -19 -18 -19 -19 -20 -20 -20 -20 -21 -21 -21 -21
18 18 17 17 18 18 18 19 20 19 19 19 18 17 16 0 16 15 14 14 13 12 11 10 10 9 9 8 7 6 6 6 5 5 5 4 4 4 3 2 2 2 2 1 1 1 0 0 0 0 0 0 -4 -6 -6 -7 -8 -9 -10 -11 -12 -12 -12 -12 -13 -14 -15 -15 -15 -15 -16 -16 -17 -17 -17 -17 -17 -18 -18 -18 -18 -19 -19 -19 -19 -19 -19 -20 -20 -20 -20 -21 -21 -21 -21 -22
21 20 20 20 21 21 22 21 20 19 19 18 17 16 16 0 15 14 14 13 12 12 11 10 9 9 8 8 7 6 6 5 5 5 5 4 4 3 3 2 2 2 2 1 1 0 0 0 0 0 0 -2 -5 -6 -7 -8 -9 -10 -11 -12 -12 -12 -12 -13 -13 -14 -15 -15 -16 -16 -16 -16 -17 -17 -17 -17 -18 -18 -18 -18 -19 -19 -19 -20 -20 -20 -20 -20 -20 -20 -21 -21 -21 -21 -22 -22
23 23 22 22 22 22 20 20 19 18 18 17 16 16 15 0 -1 14 13 13 12 11 10 10 9 9 8 7 7 6 6 5 5 5 4 4 4 3 3 2 2 2 1 1 1 0 0 0 0 0 0 -3 -5 -6 -7 -8 -9 -10 -11 -12 -12 -12 -12 -13 -14 -14 -15 -16 -16 -16 -16 -16 -17 -17 -17 -18 -18 -18 -18 -19 -19 -19 -19 -20 -20 -20 -20 -20 -20 -21 -21 -21 -21 -22 -22 -22
24 23 23 23 21 20 20 19 18 18 17 16 16 15 15 0 -2 13 13 12 12 10 10 9 9 8 8 7 7 6 6 5 5 5 4 4 4 3 3 2 2 2 1 1 1 0 0 0 0 0 0 -4 -5 -6 -7 -8 -9 -10 -11 -12 -12 -12 -12 -14 -14 -15 -15 -16 -16 -16 -16 -17 -17 -17 -18 -18 -18 -18 -19 -19 -19 -19 -19 -20 -20 -20 -20 -20 -21 -21 -21 -21 -22 -22 -22 -22
