docs/tutorials/sandy/files/Data/Step1_makebathy/crm.asc
ncols        681
nrows        343
xllcorner    -74.239583333333
yllcorner    39.874583333333
cellsize     0.000833333333
NODATA_value -9999.0
[rows 94 to 140 of 343, columns 96 to 191 of 681]
6 6 6 6 6 6 6 6 7 7 7 8 8 8 9 9 9 9 10 10 10 10 11 11 11 12 12 12 12 12 13 13 13 14 14 14 14 15 15 15 16 16 16 16 16 17 17 17 17 18 18 19 19 19 20 20 20 20 21 21 21 21 21 22 22 23 23 23 24 23 23 23 23 23 23 23 23 23 24 24 24 24 25 25 25 26 25 25 24 24 24 25 25 25 25 24
6 6 6 6 6 6 6 6 6 7 7 7 7 8 8 8 9 9 9 9 9 10 10 10 11 11 11 11 12 12 12 12 13 13 13 14 14 14 14 15 15 15 16 16 16 16 16 17 17 17 18 18 18 19 19 19 20 20 20 20 20 20 20 21 21 22 23 23 23 23 23 23 23 22 22 22 22 23 23 23 23 23 24 24 24 24 24 23 23 23 23 23 23 23 23 23
6 6 6 6 6 6 5 6 6 7 7 7 7 7 8 8 8 9 9 9 9 9 9 10 10 10 11 11 11 11 12 12 12 12 13 13 13 13 14 14 14 15 15 15 15 16 16 16 16 17 17 17 18 18 18 19 19 19 20 20 20 20 20 20 20 21 22 22 22 22 22 22 22 21 21 21 21 21 22 22 22 22 23 23 23 23 23 22 22 22 22 22 22 22 22 22
6 6 6 6 6 5 5 6 6 6 6 6 7 7 7 7 8 8 8 8 9 9 9 9 9 10 10 10 10 11 11 11 12 12 12 12 13 13 13 13 14 14 14 15 15 15 15 16 16 16 16 17 17 18 18 18 18 19 19 19 19 19 19 19 20 20 21 21 21 21 21 20 20 20 20 20 20 20 20 20 21 21 21 21 21 22 21 21 21 20 20 20 20 20 21 20
6 6 6 6 6 6 5 5 6 6 6 6 6 6 6 7 7 7 8 8 8 8 8 9 9 9 9 10 10 10 10 11 11 11 12 12 12 12 12 13 13 13 13 14 14 14 14 15 15 16 16 16 16 17 17 17 18 18 18 18 18 18 18 19 19 20 20 20 20 20 20 20 20 19 19 19 19 19 20 20 20 20 20 20 20 20 20 20 20 19 19 19 20 20 20 20
7 6 6 7 7 6 5 5 5 5 5 5 5 5 6 6 6 6 7 7 7 7 8 8 9 9 9 9 9 9 10 10 10 11 11 11 11 12 12 12 12 13 13 13 13 14 14 14 15 15 16 16 16 16 17 17 17 17 17 17 17 17 17 18 18 19 19 19 19 19 19 18 18 18 18 18 18 18 18 18 19 19 19 19 19 19 19 18 18 18 18 18 19 18 19 18
7 6 6 7 8 7 6 5 5 5 5 5 5 5 5 5 6 6 6 6 7 7 7 8 8 8 8 8 9 9 9 9 10 10 10 10 11 11 11 11 12 12 12 12 12 13 13 13 14 14 15 15 16 16 16 16 17 17 17 17 16 16 16 17 17 17 18 18 18 17 17 17 17 17 17 17 17 17 17 17 17 18 18 18 18 18 18 17 17 17 17 17 17 17 17 17
7 7 6 8 8 8 7 6 6 5 5 4 4 4 4 5 5 5 5 6 6 6 6 7 7 7 8 8 8 8 9 9 9 9 9 10 10 10 10 10 11 11 11 12 12 12 12 13 13 14 15 15 15 16 16 16 16 16 16 16 16 16 15 16 16 16 17 17 17 16 16 16 16 16 16 16 16 16 16 16 16 16 16 16 16 16 16 16 16 16 16 16 16 16 16 16
8 7 8 9 9 9 8 7 7 6 6 5 5 4 4 4 4 5 5 5 5 5 5 6 6 6 7 7 7 7 8 8 8 9 9 9 9 9 9 10 10 10 11 11 11 12 12 12 13 13 14 15 15 15 15 15 15 15 15 15 15 15 15 15 15 16 16 16 16 16 16 15 15 15 15 15 15 15 15 15 15 15 16 16 16 16 16 15 15 15 14 14 14 14 15 15
9 8 10 11 10 10 9 8 8 7 7 6 5 5 4 4 4 4 4 4 5 5 5 5 5 6 6 6 6 7 7 7 8 8 8 8 9 9 9 9 9 10 10 10 11 11 12 12 12 13 13 14 14 14 15 15 15 14 14 14 14 14 14 14 14 15 15 15 15 14 14 14 14 14 14 14 14 14 14 14 14 14 15 15 14 15 14 14 14 13 13 13 13 13 13 13
10 9 11 12 11 11 9 9 8 8 7 7 6 6 5 4 3 3 3 3 4 4 4 5 5 5 5 5 6 6 6 7 7 7 7 8 8 8 8 9 9 9 9 9 10 11 11 12 12 13 13 13 14 14 14 14 14 14 13 13 13 13 13 13 13 13 14 13 14 13 13 13 13 13 13 13 13 13 13 13 13 13 13 13 13 13 13 12 12 12 12 12 12 12 12 12
11 10 12 12 12 12 10 10 9 9 8 8 7 6 5 4 4 3 3 3 3 3 4 4 4 4 5 5 5 5 5 6 6 6 7 7 7 7 7 8 8 8 9 9 9 10 10 11 12 12 13 13 13 13 13 13 13 13 12 12 12 12 12 12 12 12 12 12 12 12 12 12 12 12 12 12 12 12 12 12 12 12 12 12 12 12 12 11 11 11 10 10 10 11 11 11
12 11 13 13 13 12 11 11 10 9 9 9 8 7 6 5 4 4 3 3 2 2 3 3 3 4 4 4 4 5 5 5 5 5 6 6 6 6 6 7 7 8 8 9 9 10 10 11 12 12 12 12 12 12 12 12 12 12 12 12 11 11 11 11 11 12 12 12 12 11 11 11 11 11 11 11 11 11 11 11 11 11 11 11 11 11 10 10 10 9 9 9 9 9 9 9
13 12 14 14 13 13 12 11 11 10 10 9 9 8 7 5 5 5 4 3 3 2 2 2 3 3 3 3 4 4 4 5 5 5 5 5 5 6 6 6 7 7 7 8 9 9 10 11 11 12 12 12 12 12 12 12 11 11 11 11 10 10 10 10 10 10 10 10 10 10 10 10 10 10 10 10 10 10 10 10 10 10 10 9 9 9 9 9 9 8 8 8 8 8 8 9
14 13 15 15 14 14 13 12 12 11 11 10 9 9 7 6 5 5 4 4 3 2 2 2 2 2 2 3 3 3 4 4 4 4 5 5 5 5 5 5 6 6 7 8 8 9 10 10 11 11 11 11 11 11 11 11 10 10 10 10 10 9 9 9 9 10 10 10 10 9 9 9 9 9 9 9 9 9 9 9 9 9 8 8 8 8 0 8 7 7 6 6 6 7 7 7
16 15 16 16 15 15 14 13 13 12 12 11 10 9 8 7 6 5 5 4 4 3 2 2 2 2 2 2 2 3 3 3 3 4 4 4 4 4 4 5 5 6 6 7 8 9 9 10 10 10 10 10 10 10 10 10 9 9 9 9 9 9 9 9 9 9 9 9 9 9 8 8 8 8 8 8 8 8 8 7 7 7 7 7 7 7 0 -2 6 5 5 5 5 5 5 6
16 16 16 16 16 16 15 14 14 13 12 12 11 10 9 7 6 6 5 5 4 4 3 2 1 1 1 2 2 2 2 2 3 3 3 3 3 3 4 4 5 5 6 7 8 9 9 10 10 10 10 10 9 9 9 9 9 9 8 8 8 8 8 8 8 8 8 8 8 7 7 7 7 7 7 6 6 6 6 6 6 6 6 6 5 5 5 0 5 4 3 3 3 4 4 5
18 17 17 17 17 16 16 15 15 14 13 12 12 10 9 8 7 6 6 5 5 4 3 2 2 1 1 1 1 1 2 2 2 2 2 2 2 2 3 3 4 5 6 7 8 9 9 9 9 9 9 9 9 9 8 8 8 8 7 8 7 7 7 7 7 7 7 6 6 6 6 6 6 6 6 5 5 5 5 5 5 5 5 5 5 4 4 0 -1 3 2 2 2 3 3 4
19 18 18 18 18 17 16 16 16 15 14 13 13 11 9 8 7 7 6 6 5 5 4 3 2 2 1 1 1 1 1 1 1 1 1 1 2 2 2 3 4 5 6 7 8 9 9 9 9 9 8 8 8 8 8 8 7 7 7 7 6 6 6 6 6 6 5 5 5 5 5 5 5 5 5 4 4 4 4 4 4 4 3 3 3 3 3 2 0 -1 1 1 1 2 2 3
20 20 19 19 19 18 17 17 16 16 15 14 14 12 10 8 8 7 6 6 5 5 4 3 3 2 2 1 1 0 0 0 0 0 0 0 1 1 2 3 5 6 8 9 9 9 9 9 8 8 7 7 7 7 7 7 6 6 6 6 5 5 5 5 5 5 5 5 4 4 4 4 4 4 3 3 3 3 3 3 3 2 2 2 2 2 2 2 1 0 -1 0 0 1 1 2
19 19 19 19 19 19 19 18 17 17 16 15 14 12 10 9 8 8 7 7 6 5 5 4 3 3 2 2 1 1 0 0 0 0 0 0 1 2 2 4 9 12 13 13 12 11 9 8 8 7 7 7 6 6 6 6 5 5 5 5 5 5 4 4 4 4 4 4 3 3 3 3 3 3 3 2 2 2 2 2 2 2 2 1 1 1 1 1 1 0 0 0 -1 -1 -1 -1
19 19 19 19 19 18 18 18 18 17 16 16 15 13 10 9 9 8 8 7 6 5 5 4 4 3 2 2 2 1 1 0 0 0 0 0 0 2 4 8 18 20 22 18 0 0 9 7 7 6 6 5 5 5 5 5 4 4 4 4 4 4 4 3 3 3 3 3 3 3 3 2 2 2 2 2 2 2 2 2 2 1 1 1 1 1 1 0 0 0 0 0 0 0 0 -1
18 18 18 18 18 18 18 18 18 18 17 16 16 13 11 10 9 9 8 8 7 6 5 5 4 4 3 2 2 2 1 1 0 0 0 0 0 2 3 0 -1 25 30 20 16 0 -1 6 5 5 5 4 4 4 4 4 3 3 3 3 3 3 3 3 2 2 2 2 2 2 2 2 2 2 2 1 1 1 1 1 1 1 1 1 1 0 0 0 0 0 0 0 0 0 0 0
18 18 18 18 18 18 17 17 17 17 17 17 16 14 11 10 10 9 9 8 7 7 6 5 5 4 3 3 2 2 1 1 0 0 0 0 0 0 0 0 0 0 14 14 11 7 3 0 -1 3 3 3 3 3 2 2 2 2 2 2 2 2 2 2 2 2 2 2 2 2 2 2 1 1 1 1 1 1 1 1 1 1 0 0 0 0 0 0 0 0 0 0 0 0 0 0
17 17 17 17 17 17 17 17 17 17 17 17 17 15 12 11 10 10 9 9 8 7 6 6 5 5 4 3 3 2 2 1 1 1 0 0 0 0 -1 -1 -1 -1 -1 3 0 0 1 0 -1 1 1 1 1 2 2 2 2 2 2 2 2 2 2 2 1 1 1 1 1 1 1 1 1 1 1 1 1 1 1 1 0 0 0 0 0 0 0 0 0 0 0 0 0 0 0 0
17 17 17 17 17 17 17 17 17 17 17 17 17 15 12 11 11 10 9 9 8 8 7 6 5 5 4 4 3 3 2 2 1 1 1 0 0 0 0 0 0 -1 -1 -1 -1 -1 -1 -1 -1 -1 0 0 1 1 1 1 1 1 1 1 1 1 1 1 1 1 1 1 1 1 1 1 1 1 1 1 1 1 0 0 0 0 0 0 0 0 0 0 0 0 0 0 0 0 0 0
16 16 16 16 16 16 16 16 16 16 16 16 16 16 13 12 11 11 10 9 9 8 7 7 6 5 5 4 4 3 2 2 1 1 1 1 0 0 0 0 0 0 0 0 0 0 0 0 -1 -1 -1 -1 0 0 0 0 0 1 1 1 1 1 1 1 1 1 1 1 1 1 1 1 1 0 0 0 0 0 0 0 0 0 0 0 0 0 0 0 0 0 0 0 0 0 0 0
16 16 16 16 16 16 16 16 16 16 16 16 16 16 13 12 12 11 10 10 9 9 8 7 6 6 5 5 4 4 3 2 2 2 1 1 1 0 0 0 0 0 0 0 0 0 0 0 -1 -1 -1 -1 -1 0 0 0 0 0 0 0 0 0 0 0 0 0 0 0 0 0 0 0 0 0 0 -1 -1 -1 -1 -1 0 0 0 0 0 0 0 0 -1 -1 -1 -1 -1 -1 -1 -1
16 16 16 16 16 16 16 16 16 16 16 16 16 16 14 13 12 12 11 11 10 9 8 8 7 6 5 5 5 4 3 2 2 2 1 1 1 0 0 0 0 0 0 0 0 0 0 0 -1 -1 -1 -1 -1 -1 0 0 0 0 0 0 0 0 0 0 0 0 0 0 0 0 0 0 0 0 0 0 0 0 0 0 -1 -1 -1 -1 -1 -1 -1 0 0 0 0 -1 -1 -1 -1 -1
15 15 15 15 15 15 15 15 15 16 16 16 16 16 14 13 12 12 12 11 10 9 9 8 7 7 6 5 5 4 3 3 2 2 2 1 1 1 0 0 0 0 0 0 0 0 0 -1 -1 -1 -1 -1 -1 -1 -1 0 0 0 0 0 0 0 0 0 0 0 0 0 0 0 0 0 0 0 0 0 0 0 0 0 0 0 0 0 0 0 0 0 0 0 0 0 0 0 0 0
14 15 15 15 15 15 15 15 15 15 15 15 16 16 15 14 13 13 12 11 10 9 9 8 8 7 6 6 5 5 4 3 3 2 2 1 1 1 0 0 0 0 0 0 0 0 0 -1 -1 -2 -2 -2 -1 -1 -1 -1 0 0 0 0 0 0 0 0 0 0 0 0 0 0 0 0 0 0 0 0 0 0 0 0 0 0 0 0 0 0 0 0 0 0 0 0 0 0 0 0
14 14 14 14 14 14 14 14 14 15 15 15 15 15 15 14 14 13 12 12 11 10 9 9 8 8 7 6 6 5 4 4 3 2 2 2 1 1 0 0 0 0 0 0 0 0 0 0 0 -1 -1 -2 -2 -2 -2 -2 -1 -1 -1 -1 0 0 0 0 0 0 0 0 0 0 0 0 0 0 0 0 0 -1 -1 -1 -1 -1 -1 -1 -1 -1 -1 -1 0 -1 -1 -1 -1 0 0 0
13 13 13 13 13 14 14 14 14 14 14 15 15 15 15 15 14 13 12 12 11 10 9 9 8 8 7 6 6 5 4 4 3 2 2 2 1 1 0 0 0 0 0 0 0 0 0 0 -1 -2 -2 -2 -2 -2 -2 -2 -2 -2 -2 -1 0 0 0 0 0 0 0 0 0 0 -1 -1 -1 -1 -2 -2 -2 -2 -2 -2 -2 -2 -2 -2 -2 -2 -2 -2 -2 -2 -2 -2 -1 -1 -2 -2
12 12 12 12 13 13 13 13 13 13 14 14 14 15 15 14 14 13 12 12 11 10 9 9 8 8 7 6 5 4 4 3 2 2 1 1 1 0 0 0 0 0 0 0 0 0 0 -1 -2 -2 -2 -2 -2 -2 -2 -2 -2 -2 -2 -2 -2 -1 0 0 0 -1 -2 -2 -2 -2 -2 -2 -2 -2 -2 -2 -2 -2 -2 -2 -2 -2 -2 -2 -2 -2 -2 -2 -2 -2 -2 -2 -2 -2 -2 -2
11 11 11 12 12 12 12 12 13 13 13 13 14 14 15 14 14 13 12 12 11 10 9 9 8 7 6 6 5 4 3 2 1 0 0 0 -1 0 0 0 0 0 0 -1 -2 -2 -1 -1 -1 -1 -1 -2 -2 -2 -2 -2 -2 -2 -2 -2 -2 -2 -2 -1 -1 -2 -2 -2 -2 -2 -2 -3 -2 -2 -2 -2 -2 -2 -2 -2 -2 -2 -2 -2 -2 -2 -2 -2 -2 -2 -2 -2 -2 -2 -2 -2
10 10 10 10 11 11 11 12 12 12 12 13 13 14 14 15 14 13 12 12 11 10 9 9 8 7 6 5 5 3 2 2 1 0 0 0 0 0 -1 -1 -1 -1 -1 -2 -2 1 0 0 0 0 0 -1 -2 -2 -2 -2 -2 -2 -2 -2 -2 -2 -2 -2 -2 -2 -2 -2 -3 -3 -3 -3 -3 -2 -2 -2 -2 -2 -2 -2 -2 -2 -2 -2 -2 -2 -2 -2 -2 -2 -2 -2 -2 -2 -2 -2
9 9 9 9 10 10 10 10 11 11 11 12 12 13 13 14 14 13 13 12 11 10 9 9 8 7 6 6 5 4 3 2 2 2 2 1 1 1 1 1 1 1 1 1 1 1 1 1 0 0 0 0 0 -1 -1 -2 -2 -3 -2 -2 -2 -2 -2 -2 -2 -2 -2 -2 -2 -2 -2 -2 -2 -2 -2 -2 -2 -2 -2 -2 -2 -2 -2 -2 -2 -2 -2 -2 -2 -2 -2 -2 -2 -2 -2 -2
9 9 9 8 8 8 9 9 9 10 10 11 11 12 12 13 13 14 13 13 12 11 10 9 9 8 7 6 5 4 4 3 3 3 2 2 2 2 2 2 2 2 2 2 2 2 1 1 1 0 0 0 0 0 0 -1 -1 -1 -2 -3 -3 -2 -2 -2 -2 -2 -2 -2 -2 -2 -2 -2 -2 -2 -1 0 0 -2 -2 -2 -2 -2 -2 -2 -2 -2 -2 -2 -2 -2 -2 -2 -2 -2 -2 -1
9 9 9 9 8 8 7 7 8 8 9 9 10 10 11 12 12 12 13 13 12 11 11 10 9 9 8 7 6 5 5 4 4 4 3 3 3 3 3 3 2 3 2 2 2 2 2 2 1 1 1 0 0 0 0 0 0 -1 -2 -2 -1 -1 -2 -3 -3 -3 -3 -3 -3 -2 -2 -2 -1 -1 0 0 0 -1 -2 -2 -2 -2 -2 -2 -2 -2 -2 -2 -2 -2 -2 -2 -2 -2 -1 -1
10 9 9 9 8 8 7 7 7 7 7 8 9 9 10 11 11 12 12 12 12 12 12 11 10 9 9 8 7 6 5 5 5 5 4 4 4 4 4 3 3 3 3 3 3 2 2 2 2 1 1 1 0 0 0 0 0 0 -1 -1 0 0 0 -1 -2 -2 -2 -2 -2 -2 -2 -1 -1 -1 0 0 0 0 0 0 0 -2 -2 -2 -2 -2 -2 -2 -2 -2 -2 -1 -1 -1 0 0
10 9 9 9 8 8 7 7 7 6 6 7 8 8 9 9 10 11 11 12 12 12 12 12 11 10 9 9 8 7 7 6 6 6 5 5 5 5 5 4 4 4 4 4 3 3 3 2 2 2 2 1 1 1 1 1 1 1 0 0 0 0 0 0 -1 -1 -1 -1 -1 -1 -2 -1 0 0 0 0 0 0 0 0 0 0 -2 -2 -2 -2 -2 -2 -2 -2 -2 -1 0 0 0 0
10 10 9 9 9 8 8 7 7 6 6 6 6 7 8 9 9 10 10 11 11 11 12 12 11 11 10 10 9 8 8 8 7 7 7 6 6 5 5 5 5 5 4 4 4 3 3 3 2 2 2 1 1 1 1 1 1 1 1 1 0 0 0 0 0 0 0 0 0 0 -1 1 1 1 0 0 0 0 0 0 0 0 0 -2 -1 -2 -2 -2 -2 -2 -1 0 0 0 0 0
10 10 9 9 9 8 8 7 7 6 6 6 5 6 7 7 8 9 9 10 10 10 11 11 12 12 11 10 10 9 9 9 8 8 8 7 7 6 6 6 5 5 5 5 4 4 4 3 3 2 2 2 1 1 1 1 1 1 1 1 1 1 1 0 0 0 0 0 0 1 1 1 1 1 1 0 0 0 0 0 0 0 0 0 0 0 -1 -1 -1 0 0 0 0 0 0 0
11 10 10 9 9 8 8 8 7 7 6 6 5 5 6 6 7 8 9 9 9 10 10 10 10 11 11 11 11 11 10 10 9 9 9 8 8 7 7 6 6 6 5 5 5 5 4 4 3 3 2 2 2 2 2 1 1 1 1 1 1 1 1 1 1 1 1 1 1 1 1 1 1 1 1 1 1 0 0 0 0 0 0 0 0 0 0 0 0 0 0 0 0 0 0 0
11 10 10 9 9 8 8 8 7 7 6 6 5 5 5 5 6 7 8 8 9 9 9 9 9 10 10 10 10 10 10 10 10 10 9 9 9 8 8 7 7 6 6 6 5 5 5 4 4 3 3 2 2 2 2 2 2 1 1 1 1 1 1 1 1 1 1 1 1 1 1 1 1 1 1 1 1 1 1 0 0 0 0 0 0 0 0 0 0 1 1 1 1 1 1 1
11 11 10 9 9 9 8 8 7 7 6 6 5 5 5 5 6 6 7 7 8 8 8 9 9 9 9 9 9 9 9 9 9 9 9 9 9 9 9 8 7 7 6 6 6 5 5 5 4 4 3 3 2 2 2 2 2 2 2 2 1 1 1 1 1 1 1 1 1 1 1 1 1 1 1 1 1 1 1 1 1 1 0 0 0 0 1 1 1 1 1 1 1 1 1 1
11 11 10 9 9 9 8 8 7 7 6 6 5 5 5 4 5 5 6 6 7 7 7 8 8 8 8 9 9 8 8 9 8 8 9 8 8 8 8 8 8 8 7 7 6 6 5 5 4 4 3 3 3 2 2 2 2 2 2 2 2 2 1 1 1 1 1 1 1 1 1 1 1 1 1 1 1 1 1 1 1 1 1 1 1 1 1 1 1 1 1 1 1 1 1 1
