docs/tutorials/sandy/files/Data/Step1_makebathy/crm.asc
ncols        681
nrows        343
xllcorner    -74.239583333333
yllcorner    39.874583333333
cellsize     0.000833333333
NODATA_value -9999.0
[rows 0 to 46 of 343, columns 576 to 671 of 681]
-34 -34 -34 -34 -34 -34 -34 -34 -34 -34 -34 -34 -34 -34 -35 -35 -35 -36 -36 -36 -36 -36 -36 -36 -37 -37 -37 -38 -38 -38 -38 -38 -38 -38 -38 -38 -39 -39 -39 -39 -39 -39 -39 -39 -39 -40 -40 -41 -41 -42 -43 -43 -44 -44 -45 -45 -45 -45 -46 -46 -46 -46 -47 -47 -47 -47 -47 -48 -48 -49 -49 -49 -50 -50 -51 -53 -54 -55 -56 -57 -58 -59 -59 -60 -61 -61 -62 -63 -63 -64 -64 -64 -63 -63 -63 -63
-34 -33 -33 -33 -33 -33 -33 -34 -34 -34 -33 -33 -33 -34 -34 -35 -35 -35 -35 -36 -36 -36 -36 -36 -37 -37 -37 -37 -37 -38 -38 -38 -38 -38 -38 -38 -38 -39 -39 -39 -39 -39 -39 -39 -39 -40 -40 -40 -41 -41 -42 -43 -43 -44 -44 -44 -45 -45 -45 -45 -46 -46 -46 -46 -46 -47 -47 -47 -48 -48 -48 -48 -49 -49 -50 -51 -52 -53 -54 -55 -56 -57 -58 -59 -59 -60 -61 -62 -63 -63 -64 -64 -63 -63 -63 -63
-33 -33 -33 -33 -33 -33 -33 -33 -33 -33 -33 -33 -33 -33 -34 -34 -34 -35 -35 -35 -35 -35 -36 -36 -36 -37 -37 -37 -37 -37 -38 -38 -38 -38 -38 -38 -38 -38 -39 -39 -39 -39 -39 -39 -39 -39 -40 -40 -40 -41 -41 -42 -42 -43 -44 -44 -44 -45 -45 -45 -45 -45 -46 -46 -46 -46 -46 -47 -47 -47 -47 -48 -48 -48 -49 -50 -51 -51 -52 -53 -54 -55 -56 -57 -58 -59 -60 -61 -62 -63 -64 -64 -63 -63 -63 -63
-32 -32 -32 -32 -32 -32 -33 -33 -33 -33 -33 -32 -33 -33 -33 -34 -34 -34 -35 -35 -35 -36 -36 -36 -36 -36 -37 -37 -37 -37 -37 -38 -38 -38 -38 -38 -38 -38 -38 -38 -38 -38 -38 -38 -39 -39 -39 -39 -40 -40 -40 -41 -42 -42 -43 -44 -44 -44 -44 -45 -45 -45 -45 -45 -45 -45 -46 -46 -46 -46 -46 -47 -47 -47 -48 -48 -49 -50 -51 -51 -52 -53 -54 -55 -56 -58 -59 -60 -61 -62 -63 -63 -63 -63 -63 -63
-31 -31 -31 -31 -32 -32 -32 -32 -32 -32 -32 -32 -32 -32 -33 -33 -34 -34 -35 -35 -36 -36 -36 -36 -36 -36 -36 -37 -37 -37 -37 -37 -38 -38 -38 -38 -38 -38 -38 -38 -38 -38 -38 -38 -38 -39 -39 -39 -39 -39 -40 -40 -41 -42 -43 -44 -44 -44 -44 -44 -45 -45 -45 -45 -45 -45 -45 -45 -45 -45 -46 -46 -46 -47 -47 -47 -47 -48 -49 -49 -51 -52 -53 -53 -55 -56 -58 -59 -60 -61 -63 -63 -63 -63 -63 -63
-31 -31 -31 -31 -31 -32 -32 -32 -32 -32 -32 -32 -32 -32 -33 -33 -34 -34 -35 -35 -36 -36 -36 -36 -36 -36 -36 -36 -37 -37 -37 -37 -38 -38 -38 -38 -38 -38 -38 -38 -38 -38 -38 -38 -38 -38 -39 -39 -39 -39 -40 -40 -41 -42 -42 -43 -44 -44 -44 -44 -44 -44 -44 -44 -45 -45 -45 -45 -45 -45 -45 -45 -46 -46 -46 -46 -47 -47 -48 -48 -49 -50 -51 -52 -53 -55 -56 -58 -59 -60 -61 -61 -62 -62 -62 -62
-30 -30 -30 -31 -31 -31 -32 -32 -32 -32 -32 -32 -32 -32 -32 -33 -33 -34 -35 -35 -36 -36 -36 -36 -36 -36 -36 -36 -37 -37 -37 -37 -38 -38 -38 -38 -38 -38 -38 -38 -38 -38 -38 -38 -38 -38 -39 -39 -39 -39 -39 -40 -40 -41 -42 -43 -43 -44 -44 -44 -44 -44 -44 -44 -44 -44 -44 -45 -45 -45 -45 -45 -45 -45 -46 -46 -46 -46 -47 -47 -48 -49 -50 -51 -52 -53 -54 -56 -58 -59 -60 -60 -60 -61 -61 -62
-30 -30 -30 -30 -31 -31 -32 -32 -32 -33 -33 -32 -32 -32 -32 -33 -33 -34 -34 -35 -36 -36 -36 -36 -35 -36 -36 -36 -36 -37 -37 -37 -38 -38 -38 -38 -38 -38 -38 -38 -38 -38 -38 -38 -38 -38 -39 -39 -39 -39 -39 -40 -40 -41 -42 -42 -43 -44 -44 -44 -44 -44 -44 -44 -44 -44 -44 -44 -45 -45 -45 -45 -45 -45 -45 -45 -45 -46 -46 -46 -47 -48 -48 -49 -50 -51 -53 -54 -56 -59 -58 -58 -59 -59 -60 -61
-30 -30 -30 -30 -30 -31 -32 -32 -32 -33 -33 -32 -32 -32 -32 -33 -33 -34 -34 -35 -35 -35 -35 -35 -35 -35 -36 -36 -36 -37 -37 -38 -38 -38 -38 -37 -38 -38 -38 -38 -38 -38 -39 -38 -38 -39 -39 -39 -39 -39 -39 -39 -40 -40 -41 -42 -43 -44 -44 -44 -44 -44 -44 -44 -44 -44 -44 -44 -44 -45 -44 -44 -44 -45 -44 -45 -45 -45 -45 -45 -46 -47 -47 -48 -48 -49 -51 -52 -53 -53 -55 -56 -57 -58 -59 -60
-31 -30 -30 -30 -30 -31 -31 -32 -32 -33 -33 -32 -32 -32 -32 -33 -33 -34 -34 -34 -35 -35 -35 -35 -35 -35 -35 -36 -36 -36 -37 -37 -37 -37 -38 -37 -38 -38 -38 -38 -38 -38 -39 -38 -38 -39 -39 -39 -39 -39 -39 -39 -40 -40 -41 -42 -42 -43 -43 -43 -44 -44 -44 -44 -44 -44 -44 -44 -44 -45 -44 -44 -44 -44 -44 -45 -45 -45 -44 -45 -45 -46 -46 -47 -48 -48 -49 -50 -51 -52 -53 -54 -55 -56 -57 -58
-31 -31 -31 -31 -31 -31 -31 -32 -32 -33 -33 -33 -33 -33 -33 -33 -33 -33 -34 -34 -34 -35 -35 -35 -35 -35 -35 -35 -36 -36 -36 -37 -37 -37 -37 -37 -37 -38 -38 -38 -38 -38 -38 -38 -38 -39 -39 -39 -39 -39 -39 -39 -40 -40 -40 -41 -41 -42 -43 -43 -43 -44 -44 -44 -44 -44 -44 -45 -45 -45 -45 -45 -45 -45 -45 -44 -44 -44 -44 -44 -45 -45 -46 -46 -47 -47 -48 -49 -50 -51 -52 -53 -54 -55 -56 -57
-31 -31 -31 -31 -31 -31 -31 -32 -32 -33 -33 -33 -33 -33 -33 -33 -33 -33 -34 -34 -34 -34 -34 -34 -35 -35 -35 -35 -35 -36 -36 -36 -37 -37 -37 -37 -37 -38 -38 -38 -38 -38 -38 -39 -39 -39 -39 -39 -39 -39 -39 -39 -40 -40 -40 -40 -41 -42 -42 -43 -43 -44 -44 -44 -44 -45 -45 -45 -45 -45 -45 -45 -45 -45 -45 -44 -44 -44 -44 -44 -45 -45 -45 -46 -46 -46 -47 -48 -49 -49 -50 -51 -52 -53 -54 -55
-31 -31 -31 -31 -31 -31 -31 -32 -32 -33 -34 -34 -33 -33 -33 -33 -33 -33 -33 -34 -34 -34 -34 -34 -34 -34 -35 -35 -35 -35 -36 -36 -37 -37 -37 -37 -37 -38 -38 -38 -38 -38 -38 -39 -38 -39 -39 -39 -39 -39 -39 -40 -40 -40 -40 -40 -40 -41 -42 -42 -43 -44 -44 -44 -44 -45 -45 -45 -45 -45 -45 -45 -45 -45 -45 -45 -44 -44 -44 -44 -44 -45 -45 -45 -45 -46 -46 -46 -47 -48 -49 -49 -50 -51 -52 -53
-32 -31 -31 -31 -31 -31 -31 -32 -32 -33 -34 -33 -33 -33 -33 -33 -33 -33 -33 -34 -34 -34 -34 -34 -34 -34 -34 -35 -35 -35 -36 -36 -36 -37 -37 -37 -37 -37 -37 -38 -38 -38 -38 -38 -38 -38 -39 -39 -39 -39 -39 -39 -40 -40 -40 -40 -40 -41 -42 -42 -43 -43 -44 -44 -44 -45 -45 -45 -45 -45 -45 -45 -45 -45 -45 -45 -45 -44 -44 -44 -44 -45 -45 -45 -45 -45 -46 -46 -46 -47 -47 -48 -49 -50 -51 -52
-32 -31 -31 -31 -31 -31 -31 -32 -32 -33 -33 -33 -33 -33 -33 -33 -33 -33 -33 -33 -34 -34 -34 -34 -34 -34 -34 -35 -35 -35 -35 -36 -36 -37 -37 -37 -37 -37 -37 -37 -38 -38 -38 -38 -38 -38 -39 -39 -39 -39 -39 -39 -39 -39 -39 -40 -40 -41 -41 -42 -42 -43 -44 -44 -44 -44 -45 -45 -45 -45 -45 -45 -45 -45 -45 -45 -45 -45 -45 -45 -45 -45 -45 -45 -45 -45 -45 -45 -46 -46 -46 -47 -48 -49 -50 -51
-31 -31 -31 -31 -31 -31 -31 -32 -32 -33 -33 -33 -33 -33 -33 -33 -33 -33 -33 -33 -34 -34 -34 -34 -34 -34 -34 -34 -35 -35 -35 -36 -36 -37 -37 -37 -37 -37 -37 -37 -38 -38 -38 -38 -38 -38 -39 -39 -39 -39 -39 -39 -39 -39 -39 -40 -40 -40 -41 -42 -42 -43 -43 -44 -44 -44 -44 -45 -45 -45 -45 -45 -45 -45 -45 -45 -45 -45 -45 -45 -45 -45 -45 -45 -45 -45 -45 -45 -45 -45 -46 -46 -47 -48 -49 -49
-31 -31 -31 -31 -31 -31 -31 -32 -32 -33 -33 -33 -33 -33 -33 -33 -33 -33 -33 -33 -33 -33 -33 -33 -34 -34 -34 -34 -34 -35 -35 -35 -36 -36 -36 -36 -36 -37 -37 -37 -37 -38 -38 -38 -38 -38 -39 -39 -39 -39 -39 -39 -39 -39 -39 -39 -40 -40 -41 -41 -42 -42 -43 -44 -44 -44 -44 -44 -45 -45 -45 -45 -45 -45 -45 -45 -45 -45 -45 -45 -45 -45 -45 -45 -45 -45 -45 -45 -45 -45 -45 -46 -46 -47 -48 -48
-31 -31 -31 -31 -31 -31 -31 -31 -32 -32 -33 -33 -33 -33 -33 -33 -33 -33 -33 -32 -32 -33 -33 -33 -33 -34 -34 -34 -34 -34 -35 -35 -36 -36 -36 -36 -36 -36 -37 -37 -37 -38 -38 -38 -38 -38 -39 -39 -39 -39 -39 -39 -39 -39 -39 -39 -40 -40 -40 -41 -42 -42 -43 -44 -44 -44 -44 -44 -45 -45 -45 -45 -45 -45 -45 -45 -45 -45 -45 -45 -45 -45 -45 -45 -45 -45 -45 -45 -45 -45 -45 -45 -45 -46 -47 -47
-31 -31 -31 -31 -31 -31 -31 -31 -32 -32 -32 -32 -33 -33 -33 -33 -33 -33 -32 -32 -32 -33 -33 -33 -33 -33 -34 -34 -34 -34 -35 -35 -35 -36 -36 -36 -36 -36 -37 -37 -37 -37 -38 -38 -38 -38 -39 -39 -39 -39 -39 -39 -39 -39 -39 -39 -39 -40 -40 -41 -41 -42 -43 -43 -43 -44 -44 -44 -44 -44 -45 -45 -45 -45 -45 -45 -45 -45 -45 -45 -45 -45 -45 -45 -45 -45 -45 -45 -45 -45 -45 -45 -45 -46 -46 -47
-31 -31 -31 -31 -31 -31 -31 -31 -31 -32 -32 -32 -32 -32 -32 -32 -32 -32 -32 -32 -32 -33 -33 -33 -33 -33 -33 -34 -34 -34 -34 -35 -35 -35 -36 -36 -36 -36 -36 -37 -37 -37 -38 -38 -38 -38 -38 -39 -39 -39 -39 -39 -39 -39 -39 -39 -39 -40 -40 -41 -41 -42 -42 -43 -43 -43 -44 -44 -44 -44 -44 -45 -45 -45 -45 -45 -45 -45 -45 -45 -45 -45 -45 -45 -45 -45 -45 -45 -45 -45 -45 -45 -45 -46 -46 -46
-30 -30 -30 -30 -31 -31 -31 -31 -31 -31 -32 -32 -32 -32 -32 -32 -32 -32 -32 -32 -32 -33 -33 -33 -33 -33 -33 -34 -34 -34 -34 -34 -35 -35 -35 -36 -36 -36 -36 -36 -37 -37 -37 -38 -38 -38 -38 -39 -39 -39 -39 -39 -39 -39 -39 -39 -39 -40 -40 -40 -41 -42 -42 -42 -43 -43 -43 -44 -44 -44 -44 -44 -44 -45 -45 -45 -45 -45 -45 -45 -45 -45 -45 -45 -45 -45 -45 -45 -45 -45 -45 -45 -45 -45 -46 -46
-30 -30 -30 -30 -31 -31 -31 -31 -31 -31 -32 -32 -32 -32 -32 -32 -32 -32 -32 -32 -32 -33 -33 -33 -33 -33 -33 -33 -34 -34 -34 -34 -35 -35 -35 -36 -36 -36 -36 -36 -36 -37 -37 -37 -38 -38 -38 -38 -39 -39 -39 -38 -38 -38 -39 -39 -39 -39 -40 -40 -41 -41 -42 -42 -42 -43 -43 -43 -44 -44 -44 -44 -44 -44 -45 -45 -45 -45 -45 -45 -45 -45 -45 -45 -45 -45 -45 -45 -45 -44 -45 -45 -45 -45 -45 -46
-30 -30 -30 -30 -30 -31 -31 -31 -31 -31 -31 -31 -31 -31 -32 -32 -32 -32 -32 -32 -32 -33 -33 -33 -33 -33 -33 -33 -33 -34 -34 -34 -35 -35 -35 -35 -36 -36 -36 -36 -36 -37 -37 -37 -37 -38 -38 -38 -38 -39 -39 -39 -38 -39 -39 -39 -39 -40 -40 -40 -40 -41 -41 -42 -42 -42 -43 -43 -43 -43 -44 -44 -44 -44 -44 -45 -45 -45 -45 -45 -45 -45 -45 -45 -45 -45 -45 -45 -45 -45 -45 -45 -45 -45 -45 -46
-30 -30 -30 -30 -30 -30 -31 -31 -31 -31 -31 -31 -31 -31 -31 -32 -32 -32 -32 -32 -33 -33 -33 -33 -33 -33 -33 -33 -33 -34 -34 -34 -34 -35 -35 -35 -35 -35 -36 -36 -36 -37 -37 -37 -37 -37 -38 -38 -38 -38 -38 -39 -39 -39 -39 -39 -39 -40 -40 -40 -40 -41 -41 -41 -41 -42 -42 -42 -43 -43 -43 -44 -44 -44 -44 -44 -45 -45 -45 -45 -45 -45 -45 -45 -45 -45 -45 -45 -45 -45 -45 -45 -45 -45 -45 -46
-30 -30 -30 -30 -30 -30 -30 -31 -31 -31 -31 -31 -31 -31 -31 -31 -32 -32 -32 -32 -33 -33 -33 -33 -33 -33 -33 -33 -33 -33 -34 -34 -34 -34 -35 -35 -35 -35 -35 -36 -36 -37 -37 -37 -37 -37 -37 -37 -38 -38 -38 -39 -39 -39 -39 -39 -39 -39 -40 -40 -40 -40 -40 -41 -41 -41 -41 -42 -42 -42 -43 -43 -44 -44 -44 -44 -44 -44 -45 -45 -45 -45 -45 -45 -45 -45 -45 -45 -45 -45 -45 -45 -45 -45 -45 -45
-29 -30 -30 -30 -30 -30 -30 -31 -31 -31 -31 -31 -31 -31 -31 -31 -32 -32 -32 -32 -33 -33 -33 -34 -33 -33 -33 -33 -33 -33 -33 -34 -34 -34 -35 -35 -35 -35 -35 -35 -35 -36 -37 -36 -36 -37 -37 -37 -38 -38 -38 -38 -39 -39 -38 -39 -39 -39 -40 -40 -40 -40 -40 -40 -40 -41 -41 -41 -42 -42 -43 -43 -43 -44 -44 -44 -44 -44 -44 -44 -44 -44 -45 -45 -45 -45 -45 -45 -45 -45 -45 -45 -45 -45 -45 -45
-29 -30 -30 -30 -30 -30 -30 -30 -30 -30 -31 -31 -31 -31 -31 -31 -32 -32 -32 -32 -33 -33 -33 -33 -33 -33 -33 -33 -33 -33 -33 -33 -34 -34 -34 -35 -35 -35 -35 -35 -35 -36 -36 -36 -36 -36 -37 -37 -37 -38 -38 -38 -38 -39 -39 -39 -39 -39 -39 -39 -39 -39 -40 -40 -40 -40 -41 -41 -41 -42 -42 -42 -43 -43 -43 -44 -44 -44 -44 -44 -44 -44 -44 -44 -45 -45 -45 -45 -45 -45 -45 -45 -45 -45 -45 -45
-29 -30 -30 -30 -30 -30 -30 -30 -30 -30 -30 -31 -31 -31 -31 -31 -32 -32 -32 -32 -32 -33 -33 -33 -33 -33 -33 -33 -33 -33 -33 -33 -34 -34 -34 -35 -35 -35 -35 -35 -35 -35 -36 -36 -36 -36 -36 -37 -37 -37 -38 -38 -38 -39 -39 -39 -39 -39 -39 -39 -39 -39 -39 -40 -40 -40 -40 -41 -41 -41 -42 -42 -42 -43 -43 -43 -44 -44 -43 -43 -44 -44 -44 -44 -44 -44 -45 -45 -45 -45 -45 -45 -45 -45 -45 -45
-29 -30 -30 -30 -30 -30 -30 -30 -30 -30 -30 -31 -31 -31 -31 -31 -32 -32 -32 -32 -32 -33 -33 -33 -33 -33 -33 -33 -33 -33 -33 -34 -34 -34 -34 -34 -35 -35 -35 -35 -35 -35 -35 -35 -35 -36 -36 -36 -37 -37 -37 -38 -38 -38 -39 -39 -39 -39 -39 -39 -39 -39 -39 -40 -40 -40 -40 -40 -41 -41 -41 -41 -42 -42 -42 -43 -43 -43 -43 -43 -43 -43 -43 -44 -44 -44 -44 -45 -45 -44 -45 -45 -45 -45 -45 -45
-29 -30 -30 -30 -30 -30 -30 -30 -30 -30 -30 -31 -31 -31 -31 -31 -32 -32 -32 -32 -32 -32 -33 -33 -33 -33 -33 -33 -33 -33 -33 -34 -34 -34 -34 -34 -34 -35 -35 -35 -35 -34 -34 -35 -35 -36 -36 -36 -36 -37 -37 -37 -38 -38 -39 -39 -39 -39 -39 -39 -39 -39 -40 -40 -40 -40 -40 -40 -40 -41 -41 -41 -41 -41 -41 -42 -42 -42 -42 -42 -42 -43 -43 -43 -44 -44 -44 -44 -44 -44 -44 -44 -45 -45 -45 -45
-30 -30 -30 -30 -30 -30 -30 -30 -30 -30 -30 -30 -31 -31 -31 -31 -32 -32 -32 -32 -32 -32 -32 -33 -33 -33 -34 -33 -33 -33 -33 -33 -34 -34 -34 -34 -34 -35 -35 -35 -35 -34 -34 -35 -35 -35 -36 -36 -36 -37 -37 -37 -38 -38 -38 -39 -39 -39 -39 -39 -39 -39 -40 -40 -40 -40 -40 -40 -40 -40 -40 -41 -41 -41 -41 -41 -41 -41 -41 -42 -42 -42 -43 -43 -43 -43 -44 -44 -44 -44 -44 -44 -44 -45 -45 -45
-30 -30 -30 -30 -30 -30 -30 -30 -30 -30 -30 -31 -31 -31 -31 -31 -32 -32 -32 -32 -32 -32 -32 -33 -33 -33 -33 -33 -33 -33 -33 -33 -34 -34 -34 -34 -34 -35 -35 -35 -35 -34 -34 -35 -35 -35 -35 -36 -36 -36 -37 -37 -37 -38 -38 -38 -38 -38 -39 -39 -39 -39 -39 -39 -39 -40 -40 -40 -40 -40 -40 -40 -40 -40 -41 -41 -41 -41 -41 -41 -41 -42 -42 -42 -43 -43 -43 -44 -43 -43 -43 -43 -44 -44 -44 -45
-30 -30 -30 -30 -30 -30 -30 -30 -31 -31 -31 -31 -31 -31 -31 -31 -32 -32 -32 -32 -32 -32 -32 -33 -33 -33 -33 -33 -33 -33 -33 -33 -34 -34 -34 -34 -34 -35 -35 -35 -34 -34 -34 -35 -35 -35 -35 -36 -36 -36 -36 -37 -37 -37 -38 -38 -38 -38 -38 -39 -39 -38 -39 -39 -39 -39 -40 -40 -40 -40 -40 -40 -40 -40 -40 -40 -40 -41 -41 -41 -41 -41 -41 -42 -42 -42 -42 -42 -42 -42 -43 -43 -43 -43 -44 -44
-30 -30 -30 -30 -30 -31 -31 -31 -31 -31 -31 -31 -31 -31 -31 -31 -32 -32 -32 -32 -32 -32 -32 -32 -33 -33 -33 -33 -33 -33 -33 -33 -34 -34 -34 -34 -34 -35 -35 -34 -34 -34 -34 -35 -35 -35 -35 -35 -36 -36 -36 -37 -37 -37 -37 -38 -38 -38 -38 -39 -39 -39 -39 -39 -39 -39 -39 -40 -40 -40 -40 -40 -40 -40 -40 -40 -40 -40 -40 -40 -41 -41 -41 -41 -41 -41 -41 -41 -42 -42 -42 -42 -42 -42 -43 -43
-30 -30 -30 -30 -30 -31 -31 -31 -31 -31 -31 -31 -31 -31 -31 -31 -32 -32 -32 -32 -32 -32 -32 -32 -32 -33 -33 -33 -33 -33 -33 -34 -34 -34 -34 -34 -35 -35 -35 -34 -34 -34 -34 -35 -35 -35 -35 -35 -36 -36 -36 -36 -37 -37 -37 -37 -38 -38 -38 -39 -39 -39 -39 -38 -39 -39 -39 -39 -39 -39 -40 -40 -40 -40 -40 -40 -40 -40 -40 -40 -40 -40 -40 -41 -41 -41 -41 -41 -41 -41 -41 -41 -41 -42 -42 -42
-30 -30 -30 -30 -30 -31 -31 -31 -31 -31 -31 -31 -31 -31 -31 -31 -32 -32 -32 -32 -32 -32 -32 -32 -32 -33 -33 -33 -33 -33 -34 -34 -34 -34 -34 -34 -34 -35 -35 -34 -34 -34 -34 -34 -35 -35 -35 -35 -35 -36 -36 -36 -37 -37 -37 -37 -38 -38 -38 -38 -39 -39 -39 -39 -39 -39 -39 -39 -39 -39 -39 -39 -39 -39 -39 -39 -40 -40 -40 -40 -40 -40 -40 -40 -40 -40 -40 -41 -41 -41 -41 -41 -41 -42 -42 -43
-30 -30 -30 -30 -30 -30 -31 -31 -31 -31 -31 -31 -31 -31 -31 -31 -32 -32 -32 -32 -32 -32 -32 -32 -32 -32 -33 -33 -33 -33 -33 -33 -34 -34 -34 -34 -34 -34 -34 -34 -34 -34 -34 -34 -35 -35 -35 -35 -35 -36 -36 -36 -37 -37 -37 -37 -38 -38 -38 -38 -39 -39 -39 -38 -38 -39 -39 -39 -39 -39 -39 -39 -39 -39 -39 -39 -39 -40 -40 -40 -40 -40 -40 -40 -40 -40 -40 -40 -40 -40 -41 -41 -41 -41 -42 -43
-30 -30 -30 -30 -30 -30 -30 -30 -31 -31 -31 -31 -31 -31 -31 -31 -32 -32 -32 -32 -32 -32 -32 -32 -32 -32 -32 -33 -33 -33 -33 -33 -34 -34 -34 -34 -34 -34 -34 -34 -34 -35 -35 -35 -35 -35 -35 -35 -35 -36 -36 -36 -37 -37 -37 -37 -37 -38 -38 -38 -38 -38 -38 -38 -38 -38 -38 -38 -39 -39 -39 -39 -39 -39 -39 -39 -39 -39 -40 -40 -40 -40 -40 -40 -40 -40 -40 -40 -40 -40 -40 -40 -41 -41 -42 -43
-30 -30 -30 -30 -30 -30 -30 -30 -31 -31 -31 -31 -31 -31 -31 -31 -32 -32 -32 -32 -32 -32 -32 -32 -32 -32 -32 -33 -33 -33 -33 -33 -33 -34 -34 -34 -34 -34 -34 -34 -35 -35 -35 -35 -35 -35 -35 -35 -35 -35 -36 -36 -36 -37 -37 -37 -37 -37 -38 -38 -38 -38 -38 -38 -38 -38 -38 -38 -38 -38 -38 -38 -38 -39 -39 -39 -39 -39 -39 -39 -39 -39 -39 -39 -39 -40 -39 -40 -40 -40 -40 -40 -40 -40 -41 -42
-30 -30 -30 -30 -30 -30 -30 -30 -30 -31 -31 -31 -31 -31 -31 -31 -32 -32 -32 -32 -32 -32 -32 -32 -32 -32 -32 -33 -33 -33 -33 -33 -33 -33 -34 -34 -34 -34 -34 -35 -35 -34 -35 -35 -35 -35 -35 -35 -35 -35 -36 -36 -36 -36 -37 -37 -37 -37 -38 -38 -38 -38 -38 -38 -38 -38 -38 -38 -38 -38 -38 -38 -38 -39 -39 -39 -39 -39 -39 -39 -39 -39 -39 -39 -39 -39 -40 -40 -40 -40 -40 -40 -40 -40 -41 -42
-30 -30 -30 -30 -30 -30 -30 -30 -30 -30 -31 -31 -31 -31 -31 -31 -31 -32 -32 -32 -32 -32 -32 -32 -32 -32 -32 -33 -33 -33 -33 -33 -33 -33 -33 -34 -34 -34 -35 -35 -35 -35 -35 -35 -35 -34 -35 -35 -35 -35 -36 -36 -36 -36 -37 -37 -37 -37 -37 -37 -38 -38 -38 -38 -38 -38 -38 -38 -38 -38 -38 -38 -38 -38 -39 -39 -39 -39 -39 -39 -39 -39 -39 -39 -39 -39 -39 -40 -40 -40 -40 -40 -40 -40 -41 -41
-30 -30 -30 -30 -30 -30 -30 -30 -30 -30 -30 -31 -31 -31 -31 -31 -31 -31 -31 -31 -32 -32 -32 -32 -32 -32 -32 -32 -33 -33 -33 -33 -33 -33 -33 -34 -34 -34 -35 -35 -35 -35 -35 -35 -35 -34 -35 -35 -35 -35 -35 -36 -36 -36 -37 -37 -37 -37 -37 -37 -37 -38 -38 -38 -38 -38 -38 -38 -38 -38 -38 -38 -38 -38 -38 -39 -39 -39 -39 -39 -39 -39 -39 -39 -39 -39 -39 -39 -40 -40 -40 -40 -40 -40 -40 -41
-30 -30 -30 -31 -31 -30 -30 -30 -30 -30 -30 -31 -31 -31 -31 -31 -31 -31 -31 -31 -31 -32 -32 -32 -32 -32 -32 -32 -33 -33 -33 -33 -33 -33 -33 -34 -34 -34 -35 -35 -35 -35 -35 -36 -35 -35 -35 -35 -35 -35 -35 -36 -36 -36 -37 -37 -37 -37 -37 -37 -37 -37 -38 -38 -38 -38 -38 -38 -38 -38 -38 -38 -38 -38 -38 -38 -39 -39 -39 -39 -39 -39 -39 -39 -39 -39 -39 -39 -39 -39 -39 -39 -39 -39 -40 -40
-30 -30 -30 -31 -31 -31 -30 -31 -31 -31 -31 -31 -31 -31 -31 -31 -31 -31 -31 -31 -31 -31 -32 -32 -32 -32 -32 -32 -33 -33 -33 -33 -34 -34 -34 -34 -34 -35 -34 -34 -34 -35 -35 -36 -35 -35 -35 -35 -35 -35 -36 -36 -36 -36 -37 -37 -37 -37 -37 -37 -37 -37 -37 -37 -37 -38 -38 -38 -38 -38 -38 -38 -38 -38 -38 -38 -39 -39 -39 -39 -39 -39 -39 -39 -39 -39 -39 -39 -39 -39 -39 -39 -39 -39 -39 -40
-30 -30 -31 -31 -31 -31 -31 -31 -31 -31 -31 -31 -31 -31 -31 -31 -31 -31 -31 -31 -31 -31 -31 -31 -32 -32 -32 -32 -33 -33 -33 -34 -34 -34 -34 -34 -35 -35 -35 -34 -35 -35 -35 -36 -35 -35 -35 -35 -35 -35 -35 -35 -36 -36 -36 -37 -37 -37 -37 -37 -37 -37 -37 -37 -38 -38 -38 -38 -38 -38 -38 -38 -38 -38 -38 -39 -39 -39 -39 -39 -39 -39 -39 -39 -39 -39 -39 -39 -39 -39 -39 -39 -39 -39 -39 -40
-30 -30 -31 -31 -31 -31 -31 -31 -31 -31 -31 -31 -31 -31 -31 -31 -31 -31 -31 -31 -31 -31 -31 -31 -31 -32 -32 -32 -33 -33 -33 -34 -34 -34 -34 -35 -35 -35 -35 -35 -35 -35 -35 -35 -35 -35 -35 -35 -35 -35 -35 -35 -36 -36 -36 -36 -37 -37 -37 -37 -37 -37 -38 -38 -38 -38 -38 -38 -38 -38 -38 -38 -38 -38 -39 -39 -39 -39 -39 -39 -39 -39 -39 -39 -39 -39 -39 -39 -39 -39 -39 -39 -39 -39 -39 -39
-30 -31 -31 -31 -31 -31 -31 -31 -31 -31 -31 -31 -31 -31 -31 -31 -31 -31 -31 -31 -31 -32 -31 -31 -32 -32 -32 -32 -33 -33 -33 -34 -34 -34 -34 -35 -35 -35 -35 -34 -34 -35 -35 -35 -35 -36 -35 -35 -35 -34 -35 -35 -36 -36 -36 -36 -37 -37 -37 -37 -37 -38 -38 -38 -38 -38 -38 -38 -38 -39 -39 -39 -39 -39 -39 -39 -39 -39 -39 -39 -39 -39 -39 -39 -39 -39 -39 -39 -39 -39 -39 -38 -38 -38 -38 -39
